45.4301139
45.31561
45.31561
45.30262
45.33615778
45.26864157
45.26863235
45.27155
45.27028
45.27069125
45.34921
45.31697001
45.34819648
45.34888515
45.30227417
45.33296
45.35292425
45.3247075
45.33620709
45.30771066
45.30740676
45.34561959
45.34896778
45.35091
45.35311
45.37053083
45.37061
45.37105857
45.372818
45.39552
45.39552
45.39150172
45.2240975
45.41160652
45.411005
45.39978273
45.41993877
45.3573151
45.3573151
45.36334908
45.3539
45.38677872
45.3996469
45.43336
45.433308
45.43501939
45.41091222
45.43576105
45.41309667
45.43606539
45.41581667
45.4875464
45.474817
45.47269729
45.4758836
45.50332
45.46865738
45.4499613
45.4779433
45.45376889
45.4541327
45.47756
45.4758498
45.489127
45.47944224
45.462575
45.4917819
45.5498223
45.44199
45.4843529
45.4831471
45.4805384
45.4755275
45.43642
45.44226
45.4290385
45.488788
45.489553
45.41173343
45.41137951
45.41172176
45.5356
45.48038
45.48862018
45.44609174
45.55383
45.45347432
45.45221836
45.59121041
45.4536776
45.458575
45.45709143
45.5574233
45.41797848
45.41724
45.57498
45.5790847
45.58311
45.58836
45.57546168
45.40523
45.5252195
45.54961
45.61319505
45.77969676
45.72554714
45.73361917
45.72524
45.72501
45.725305
45.7272015
45.85468
45.61720333
45.6714377
45.64943669
45.88653
45.64702
45.895147
45.7513
45.7513
45.7513
45.64473
45.9010308
45.65276
45.63060054
45.60874414
45.8475824
45.67623
45.5921366
45.59237688
45.92353528
45.65419159
45.65583145
45.94506
45.64642146
45.64642146
45.68692294
45.81569333
45.74768
45.7048916
45.6490269
45.56545879
45.78857
45.78966
45.77644281
45.77778
45.8601884
45.76663
45.76575583
45.87314
45.89071
45.4799483
45.77677366
45.77121
45.4786699
45.7690812
45.8666945
45.64975304
45.63685024
45.63294241
45.56623
45.56623
45.56623
45.59633784
45.71506245
45.6795259
45.57713242
45.69950304
45.6961157
45.56183307
45.57341
45.57173143
45.56660316
45.51821867
45.57073
45.57137417
45.6615
45.55049
45.56213
45.7771711
45.52916489
45.56115108
45.57651313
45.6654
45.7879844
45.4749349
45.6305512
45.79132892
45.78754802
45.789129
45.57611638
45.49429
45.4627188
45.4952
45.45399
45.4484086
45.4482395
45.523474
45.4499493
45.5246939
45.4647783
45.46423982
45.4619125
45.41732
45.4198492
45.47834
45.4613051
45.552948
45.5521944
45.4450488
45.41313
45.4858614
45.44728714
45.4826625
45.50685
45.4828573
45.4033043
45.5227283
45.572618
45.522865
45.53383633
45.39119
45.52882485
45.527193
45.504257
45.46486
45.38787782
45.38204
45.38732
45.5119431
45.5465904
45.3865026
45.3865026
45.49398265
45.34481
45.5085
45.36948
45.48962497
45.48966542
45.51457
45.51903
45.5320097
45.4728
45.53707
45.47606
45.53833
45.5450183
45.49207
45.50042182
45.4659683
45.4397863
45.54008
45.43678077
45.43589976
45.5372648
45.53551
45.50294
45.53445
45.53206333
45.466395
45.5534639
45.559355
45.560186
45.55966122
45.5112051
45.5604851
45.55754545
45.4349
45.5615249
45.56197
45.46314
45.4556617
45.4457312
45.4443123
45.44775132
45.46391627
45.473024
45.469723
45.43924393
45.44908
45.4446783
45.475815
45.45622336
45.45114
45.4948077
45.49805143
45.47788
45.4764927
45.45299
45.488042
45.4889878
45.48971
45.45557
45.51157648
45.46133449
45.46331667
45.46331667
45.4837
45.4920856
45.4940275
45.48156
45.4952065
45.40095
45.39899
45.3924183
45.38856296
45.38565
45.4009611
45.38581333
45.375471
45.36202
45.39384132
45.3734
45.39205111
45.37531906
45.3843419
45.37158913
45.36915489
45.39922785
45.46788
45.4672954
45.4221849
45.3721746
45.58742
45.59333
45.58706927
45.59663
45.58399
45.5792974
45.60571727
45.59311533
45.59085
45.57798625
45.5719567
45.6061073
45.60122374
45.61095476
45.60808
45.59917
45.61284436
45.6125798
45.61085
45.6047911
45.59649
45.58631
45.56729
45.59672142
45.5649087
45.59109647
45.59382
45.59098
45.59374
45.561658
45.61613879
45.5819491
45.55974034
45.6052423
45.62544
45.55888208
45.5549698
45.55429211
45.62864
45.55593575
45.624532
45.55044388
45.59003571
45.59003571
45.59003571
45.6114557
45.55259455
45.58408
45.55784097
45.56363
45.535645
45.53544
45.5344184
45.5305217
45.54643
45.54142745
45.54391451
45.528294
45.5279746
45.53017469
45.5465575
45.54487857
45.551925
45.5251255
45.52476941
45.53398
45.5228825
45.5228825
45.5231475
45.5271309
45.54590571
45.54501
45.5207396
45.5350073
45.5183
45.53763148
45.51599
45.53615957
45.5361001
45.51507
45.5165608
45.51635
45.5160961
45.5362246
45.54630926
45.51740385
45.52045
45.5293415
45.51245042
45.52292039
45.52314
45.55310293
45.51021245
45.52339
45.52946
45.50865785
45.4989193
45.4983524
45.49855091
45.49414
45.50034
45.496605
45.5007319
45.4977317
45.50721667
45.48993
45.49347
45.476145
45.5062651
45.47412
45.4881455
45.4734
45.4734
45.5155944
45.6132845
45.63762
45.61212526
45.60962
45.6555383
45.6419404
45.60065
45.67334193
45.5963463
45.64304667
45.65334333
45.65298
45.66877727
45.6794768
45.5906601
45.58786273
45.587989
45.60552486
45.60150292
45.593902
45.60059667
45.60374378
45.66445
45.5963712
45.60596368
45.5744078
45.574546
45.626509
45.5743999
45.5720828
45.56949608
45.595185
45.5756571
45.5741154
45.64067374
45.63852
45.5629495
45.64599365
45.71743283
45.7111982
45.72248
45.5541924
45.54081456
45.5287746
45.5283204
45.52815514
45.540557
45.5294819
45.5300075
45.5393202
45.53715352
45.53696467
45.52055
45.52898596
45.53100429
45.54092857
45.54368776
45.54357125
45.544227
45.547645
45.5402554
45.54707606
45.5560781
45.56407167
45.56555186
45.563511
45.5621573
45.5676388
45.55920878
45.568441
45.5697793
45.5676435
45.561295
45.56001366
45.5624629
45.5654038
45.56693664
45.56833727
45.5701708
45.5814823
45.5776858
45.5781646
45.6200672
45.63709808
45.6024252
45.6023194
45.61068812
45.598877
45.6096801
45.5997318
45.6105961
45.611056
45.5933044
45.5931017
45.6167366
45.591305
45.6156394
45.63952191
45.5886703
45.63502
45.6351099
45.60607973
45.58066
45.59567729
45.62671667
45.59134179
45.67831
45.5922154
45.592698
45.5944799
45.64204
45.57796
45.62812038
45.62768
45.67063
45.6943399
45.7002806
45.70197561
45.70197561
45.7030247
45.701534
45.6691118
45.7170686
45.7187383
45.7258797
45.7269462
45.7229654
45.7329921
45.7472769
45.7491785
45.7525462
45.746261
45.75498845
45.7246889
45.7229704
45.7257577
45.7402271
45.745599
45.75187545
45.745264
45.7433824
45.743498
45.7544414
45.72378767
45.71774
45.7146495
45.74673
45.71227156
45.70996887
45.81372278
45.7662822
45.7005842
45.855063
45.65636
45.63979482
45.6330087
45.67261
45.62504
45.6243669
45.6117133
45.6074223
45.36948
45.35865536
45.36048
45.3603248
45.36016266
45.36004229
45.36766
45.35969795
45.56687786
45.7683841
45.770195
45.82142
45.82761
45.82816467
45.8358737
45.8488
45.84584499
45.878276
45.8924946
45.92101
45.88070646
45.7462512
45.94181
45.8581917
45.85258023
45.84805145
46.0386605
46.03965
46.00696
46.00587177
46.0343333
46.03406451
46.0250663
46.0129716
46.01433003
46.0544316
46.03409
46.0371725
45.95577263
46.02722595
46.02728514
46.09536667
46.05124
46.000936
46.0899465
46.07901241
45.97781
46.0299116
46.08426
46.08438245
46.14303469
46.0861671
46.0231676
46.07683
45.9478604
46.16882462
46.169547
46.16372
46.19125585
46.2306568
46.2926282
46.29187923
46.29187923
46.2918728
46.25571577
46.2557171
46.2558248
46.2570976
46.2574599
46.2799741
46.290697
46.44029939
46.44448657
46.4487842
46.293163
46.35013
46.13774
46.33216
46.3636978
46.238703
46.334763
46.24043
46.13639
46.33305772
46.358954
46.33279542
46.22395
46.3582224
46.33429184
46.2401799
46.2401799
46.366214
46.3539758
46.47209571
46.52113816
46.3514972
46.3593998
46.37329179
46.38398
46.37422187
46.37299758
46.34742
46.41219
46.3767
46.55592061
46.55765
46.33217
46.56355
46.3386
46.3386
46.36333429
46.36306
46.3288
46.5681336
46.32789
46.3422706
46.36838
46.32654
46.3684922
46.61256
46.6230315
46.2455594
46.34917822
46.33844
46.5062744
46.49825958
46.734562
46.66973
46.48570455
46.7130316
46.81354
46.75619
46.75616143
46.75536
46.7350996
46.889544
46.89961967
46.62431574
46.85122186
46.83978
46.74174845
46.74673
46.8968217
46.75037857
46.87523
46.85855507
46.85595
46.84349
46.81102
46.76564489
46.802202
46.74617522
46.93262267
46.79384
46.7978702
46.7933912
46.7882128
46.75384
46.7917474
46.83743333
46.83501302
46.7587916
46.78076
46.78085186
46.7811012
46.7811012
46.85186286
46.85584
46.83044
46.84399
46.84399
46.61275437
46.81809
46.86181
46.81537163
46.78250785
46.81867038
46.86580808
46.79752379
46.85825
46.842725
46.80769243
46.85842067
46.85727
46.80629
46.80629
46.81279013
46.80166
46.80166
46.84229647
46.83116907
46.81075
46.82708655
46.82589
46.82928
46.778107
46.80061422
46.80061422
46.7704126
46.792672
46.77943602
46.7690982
46.7690982
46.76878
46.76878
46.76959333
46.76959333
46.79815424
46.8013592
46.793462
46.76519545
46.76508
46.796556
46.81156723
46.81355255
46.81036
46.7629729
46.82255
46.77958341
46.7813575
46.7950188
46.70981
46.7299
46.72918043
46.73105
46.6971
46.75357
46.75506
46.73843
46.73843
46.729481
46.6733
46.72801
46.8605273
46.86845143
46.87014717
46.8466986
46.87278789
46.84333
46.84333
46.8592219
46.85943595
46.8592219
46.87853857
46.83695
46.84264
46.8422597
46.85889
46.8362866
46.8593003
46.835808
46.8608503
46.86494
46.87963
46.89276
46.83106
46.83008
46.86743
46.82798
46.8305233
46.84115222
46.88345
46.82435926
46.82345
46.84462314
46.84208
46.84208
46.83644283
46.82860178
46.83506703
46.834354
46.83303567
46.82782
46.8156
46.814166
46.8141542
46.8139285
46.8138698
46.8138278
46.81294
46.81606
46.81415
46.812352
46.8652087
46.89089
46.90858828
46.90287248
46.90773
46.811745
46.80344
46.79828
46.806116
46.80889
46.8042745
46.8109397
46.76180449
46.7511931
46.77183
46.79003
46.78925696
46.79203355
46.79226143
46.79423
46.79596
46.79897
46.7563062
46.80742807
46.80737523
46.74542861
46.8123566
46.81285
46.89700376
46.91567
46.82345
46.8109397
46.8138278
46.8139285
46.8594715
46.9475003
46.92951
46.92951
46.92951
46.99388
47.0024018
46.90937444
46.87471
47.0266065
47.03895221
47.04392667
47.0403
47.07840295
47.00275052
46.9225254
46.8691054
46.8660788
46.83873526
47.4480456
47.44744
47.4196737
47.58666844
47.6915
47.69388
47.6687954
47.64277912
48.10327
48.10327
48.13822
48.23168571
48.24223
48.34782
48.61812317
48.57325
48.5665271
48.73774
48.73774
49.19899109
49.21018
49.22106278
49.220831
49.21993
50.01963
50.0342714
50.22943
50.21912
50.21547
50.21662
50.21662
50.2140461
50.21276
50.21129824
50.27581779
50.25206
50.24474685
50.28909
50.1848769
50.2277917
51.4154225
49.22822
48.9602518
48.9576769
48.54656
47.57657563
47.51642
47.51357389
47.51733096
47.51691192
47.50939504
47.51882283
47.55600848
47.55696775
47.5589599
47.61444845
47.61698066
47.61982601
43.5272942
43.76392
44.61589599
44.04484745
44.60847
44.74276
44.39849754
44.25148028
44.40603503
43.8683645
44.37602258
44.72344686
44.97769521
45.17400748
44.63941205
44.63941205
44.6457725
44.64680517
44.64919
44.65055791
44.64973353
44.65679
44.65858
45.57790315
45.57800527
45.57881822
45.60439474
45.36789
45.36781873
45.61617
45.62344276
45.61526656
46.21437806
46.21168048
46.0071
46.17245
46.23963
46.27627
46.26214962
46.2693058
46.2687941
46.26507
46.26462
46.26351
46.25113333
46.24517
46.25493
46.248
46.22025
46.41972
46.41723368
46.41448074
46.41283562
46.39040672
46.39081672
46.48349
46.57087
46.45253788
46.43707045
46.7067355
46.76203483
46.80669904
46.81276
45.810655
45.73279
45.84132
45.42126352
45.64882385
45.404925
46.196012
46.1267214
46.11473441
46.115494
46.1132
46.09734
46.09199542
46.0869
46.07454537
45.72234
45.40324
45.39146205
45.52524061
45.32193
45.30405
45.30321844
45.30301532
45.29044693
45.28952
45.66357
45.05321
45.07371368
45.9061223
45.99365808
46.29767158
46.08610333
46.72723
47.03608186
47.02188
47.01094596
47.0451405
47.52136308
47.5546239
47.7916174
47.7938125
47.7893332
47.7887334
47.6352273
47.6401565
47.6525634
46.50615554
46.43989
46.43553571
46.43030711
46.69359281
46.85905337
46.69502667
46.70272357
46.1704238
46.16282996
47.35521
47.72818
47.98299
47.97402984
47.9729614
48.17237
48.1622529
48.16441354
48.10193
48.1544488
48.11474554
48.11178
48.13908
48.34197
48.82885
48.83239
48.830326
48.80580714
49.126223
47.56557105
47.61350214
47.0570875
47.05638
47.1966891
46.89703
47.54447
46.6170085
46.6957158
46.72639913
46.67835276
46.48726222
46.098466
46.10867
46.11423
46.13096734
46.13172629
46.1313648
46.13060424
46.13809732
46.13173
46.15216
46.20786
45.59921798
45.57140134
45.40182275
45.36541635
45.3946
45.39289
45.3878
45.406047
45.40896968
45.38698667
45.4116089
45.39867462
45.40894855
45.42008
45.39809412
45.13612244
45.13604
45.3771542
45.37198
45.1330648
45.40346
45.13041114
45.4034
45.39612716
45.39617124
45.3971021
45.40311214
45.1292449
45.39356
45.40147734
45.3953239
45.41955604
45.4208926
45.39472013
45.16976
45.08438
45.46367802
45.47053485
45.28139118
45.27629
45.21936
45.26806
45.18675864
45.21919619
45.2166366
45.213367
45.2113425
45.31244486
45.3215
45.05065
45.2438506
45.26833895
45.0813139
45.28172
45.26608929
45.30432
45.34302
45.34302
45.2677199
45.27251649
45.09425
45.09081
45.41510874
45.2135541
45.20799191
45.20741
45.30426095
45.204734
45.204043
45.2031704
45.30876
45.1972283
45.31709335
45.3183822
45.3180835
45.1896517
45.38678
45.383505
45.394444
45.3932076
45.3967011
45.39766727
45.39805989
45.3978508
45.3990583
45.4042879
45.4084517
45.41103
45.41273
45.41371
45.415218
45.41473
45.41659109
45.41777256
45.4199155
45.41689
45.2906505
45.27744
45.35743979
45.28344243
45.28718
45.46588649
45.2396903
45.12599152
45.1211
45.11836
45.30550245
45.15715264
45.3240158
45.31439
45.39192
45.32484
45.0317405
45.3300636
45.06350193
45.3338918
45.33604
45.06161798
45.41291
45.32030081
45.33171
45.33171
45.33171
45.33056306
45.42105075
45.3242675
45.32989727
45.33864906
45.33364722
45.23972
45.23972
45.23510353
45.24335383
45.258232
45.1939944
45.25989
45.160775
45.255193
45.26221909
45.2583364
45.194928
45.3114753
45.1926455
45.1929142
45.1891083
45.1871129
45.19397444
45.16167
45.1574168
45.30035201
45.0837963
45.3167653
45.3176856
45.05772891
45.3272805
45.0864478
45.34731
45.4098548
45.2502962
45.18148155
45.1608576
45.2429657
45.1174386
45.12744436
45.30411
45.3106689
45.31476732
45.31624288
45.13664
45.02886117
45.2885167
45.2752633
45.2723492
45.35697647
45.2585
45.08873
45.08711621
45.1625216
45.0758256
45.26286576
45.2706747
45.26859507
45.2676062
45.2679579
45.26093854
45.2612374
45.29723221
45.2997698
45.62132268
45.62031367
45.62549469
45.6360842
45.62740143
45.63663303
45.60421745
45.6218299
45.64369943
45.64216917
45.64291117
45.52865111
45.73065531
45.5025156
45.64181
45.566292
45.59254
45.56218812
45.59367153
45.57326
45.5955539
45.564309
45.5802587
45.56528414
45.5615
45.57935515
45.5626
45.59434586
45.5558818
45.65014273
45.44376755
45.7862647
45.8762563
45.8602653
45.8397
45.84051
45.84294
45.8962767
45.88131
45.91276584
45.88720917
45.8701056
45.9007
45.9007
45.8924704
45.88782667
45.8895858
45.870062
45.88777931
45.88662
45.8803
45.856404
46.0511027
46.0674911
46.0706
46.0756457
45.78709
45.7827527
45.66207202
45.65157786
45.64776384
45.64462122
45.57848
45.66445
45.64396854
45.5932314
45.55611
45.5520912
45.5520912
45.73602921
45.79785
45.68252368
45.51691893
45.83843606
45.91113115
45.90650572
45.9013531
46.06494
46.06755698
46.10242857
46.10344
46.1127911
46.1127911
45.83815176
46.12335911
46.22606
46.12557497
46.04652
46.08432195
46.27066
46.0713122
46.05922182
46.06022
46.25535324
46.53674334
46.4451481
46.41291443
46.45201458
46.4563757
46.4563757
46.4642907
46.45796443
46.45060353
46.3710968
46.50142716
46.6552263
46.4784768
46.2968923
46.79790782
46.745432
46.74361
46.8985697
46.9022155
46.91099819
46.9188883
46.80761
46.80761
46.80761
46.80761
46.80761
46.80761
46.80761
46.80761
46.80761
46.80761
46.9287178
46.63503188
46.9303967
46.93462517
46.76993
46.61992967
46.79427
46.8259367
46.9790726
46.97219
46.9804254
46.9800368
46.9804254
46.957463
46.9809411
46.59893547
46.59398152
46.68131928
46.5962217
46.571
46.69411444
46.70275803
46.3877
46.55124
46.53986481
46.42331209
46.38626551
46.2953
46.32668
46.24889953
46.2950159
46.21052684
46.2057303
46.17036
46.17088203
46.16535889
46.11422
46.070189
46.0663105
46.10995842
46.1061716
46.10905886
46.0593341
46.07267956
46.05571579
46.07910072
46.05875
45.99765156
46.0985376
45.650302
45.64187
45.64437544
45.6026119
45.5855787
45.48529
45.46978
45.44421
45.4595333
45.4434749
45.44173
45.52658
45.523356
45.52502399
45.52389998
45.43482
45.4311617
45.524295
45.5261251
45.43836
45.51819099
45.43761552
45.50094
45.43199559
45.43212438
45.48568
45.48568
45.48568
45.429024
45.4354645
45.4312575
45.5095679
45.50668
45.50654
45.57213
45.57797
45.47664
45.45183773
45.58517
45.4306838
45.58703
45.5167
45.5206393
45.5072604
45.50504591
45.52362
45.5222297
45.4877348
45.5249236
45.50196923
45.48454125
45.48389818
45.484094
45.4831943
45.4747002
45.5408178
45.54345895
45.45783
45.4260903
45.43018
45.4369804
45.4396371
45.439944
45.35885
45.3821225
45.38393
49.9136402
49.91364
49.93408
52.24531
49.05316228
48.3731664
47.3933499
46.5388207
46.54746923
47.44098
47.4183098
47.46384145
48.33536246
48.38345631
48.3976656
48.4027476
48.4028898
48.4049983
48.4049983
48.4080035
48.39855664
48.4010741
48.39884631
48.40268697
48.41214
48.41356
48.40672
48.42790739
48.41014
48.44985
48.40867377
48.40901321
48.4078451
48.41019
48.40863
48.4026201
48.39618
48.444911
48.42589267
48.415094
48.4234897
47.3057905
47.41367
48.53483
47.35972
48.941997
48.86367097
48.84740839
48.82053405
48.8543533
48.604362
48.6047871
48.58906093
48.5865129
48.5816959
48.58189
48.5769
50.0342714
54.80008
50.94745
50.29051582
50.26568
49.92178
48.65772042
48.60330605
48.57132297
48.75642
48.75043
48.80531808
48.80318
48.8411603
48.837128
48.8780072
48.8769529
48.85311
48.66688
48.64751152
48.63819
48.8981659
48.7656867
48.59274
48.59210286
48.53420203
48.5188116
48.5139832
48.5000845
48.46379
48.61254437
48.56410137
48.5618
48.55351
48.55615
48.55615
48.55412065
48.4173952
48.55240481
48.54194545
48.53644864
48.5337109
48.32822225
48.52127681
48.525149
46.53725
46.50575062
46.52205
46.50216
46.50502686
46.52209163
46.50168622
46.60858837
46.49132958
46.50585
46.45103129
46.47194965
46.33246
46.31571962
46.31798162
46.31296
46.31296
46.55097226
46.54377269
46.54303
46.53612088
46.5381441
46.53738706
46.52999917
46.52184
49.77439588
48.38084
48.41559
48.41559
48.4135605
48.40407
48.42831742
48.40329626
48.40642112
48.38369551
48.60725
48.57986861
49.52497411
49.5199118
49.5170738
49.5170738
49.52539
49.5270303
49.52866767
49.53531439
49.54528
49.2411
49.3530784
49.19039247
49.1903938
49.1920594
49.192397
49.182745
49.18308571
49.17772
49.36953
49.19655948
49.18988968
49.18986
49.18375
49.19228
49.24006429
49.19927766
49.18596
49.18596
49.18336225
49.18084204
49.479905
49.61647
49.616999
49.27085961
49.27005725
50.1374933
50.1805895
50.1790975
49.98559
49.76528
49.9752646
50.0306313
50.03059
49.84215
49.82739222
49.82742
49.82451936
49.82467149
49.83893864
49.83600408
49.84847
49.86465011
49.88444595
49.60786
49.60786
49.55520816
49.5912
49.5912
49.5982572
49.6285491
49.53271
49.65058
49.65481
49.5040503
49.50739053
49.60592759
49.67146303
49.70667367
50.2573722
50.4077271
50.06179
50.21954
49.67123871
49.7552345
50.534129
49.93803
49.9310725
49.8859098
49.9449965
49.8961483
49.97119364
50.13199772
49.8944224
50.15600036
50.15155735
50.15057408
50.2405195
50.2500362
49.95202242
49.93093515
49.93046694
49.95265
49.95262
49.95251015
49.95251015
50.1367725
50.1365275
50.132932
50.132004
50.13066917
50.1146348
50.2263473
49.93539138
49.91263376
49.9050653
49.90429526
49.90117232
49.89213078
49.89771207
49.91278
49.89142105
49.891493
49.89724
49.88186
49.87819213
49.88243667
49.87851
49.88206897
49.87851375
49.93641957
49.87929477
49.92528
49.89328263
49.880895
49.9680979
49.88520912
49.87493067
49.89901235
49.90648
49.89194
49.9002
49.90276
49.893818
49.89053091
49.89529875
49.89171429
49.89171429
49.89526368
49.8946
49.90358889
49.91751
49.85764
49.878426
49.86346
49.88677629
49.89159423
49.87771
49.9189735
49.91057
49.90215
49.8965792
49.88592
49.8985215
49.8955207
49.90638
49.8945739
49.899417
49.89897
49.85387625
49.86106
49.88191
49.86810667
49.83766
49.87294
49.85170203
49.88753
49.75161
49.75161
49.82064
49.8279269
49.86357
49.82909601
49.82909601
49.82455938
49.79375308
49.83945278
49.85114
49.83544532
49.85939217
49.82053654
49.82312061
49.82372776
49.83208075
49.72396
49.81893625
49.7685
49.91291889
49.67556
49.9729311
49.97382583
49.98093
49.971232
49.97857
49.97371
49.9723892
49.94561
49.96681
49.96681
49.9740353
49.56078
49.55864
50.248645
50.12061196
50.11935082
50.22627145
50.2315912
50.22935244
50.227194
50.38321
50.03231
50.51702
50.9610559
50.913158
50.6694
50.6362559
50.6337633
50.63195667
50.6304021
51.08087
50.63586
50.582376
50.53747
50.49850422
50.49768667
50.49669667
50.496735
50.49647625
50.7983351
50.62521
50.62521
51.06498
51.06498
51.06498
51.06178676
51.05901469
51.06227
51.15271265
51.1402708
51.15227
51.14887
51.70812
50.77289714
51.17457
51.173281
52.0850087
52.086072
50.62031
50.4983
50.49832214
50.49832357
50.67179857
50.66995
50.66958818
50.4379747
50.395948
52.39108
53.8267969
53.82701694
54.23038
54.78514
54.7683965
55.72859625
55.7449
53.36903011
53.36656
52.10685
52.1066542
52.10448818
52.10513184
52.10540898
52.10281
52.1055432
51.91509564
51.91441
51.914325
49.14685483
49.17927935
49.65915
50.40427529
50.406165
50.41182603
50.41186
50.40546
50.45583
50.4437748
50.46768
50.468135
50.4469909
50.44413306
50.44318758
50.44355342
50.4435802
50.44358204
50.4456831
50.49484678
50.49670658
50.47925939
50.3087315
50.305085
48.35975875
48.55330143
49.99741368
49.9982
50.00745703
50.0051417
50.008424
50.00613531
50.00972677
50.03011
50.04014204
50.02437
50.0180312
50.021434
50.06290103
50.06161881
51.11821
50.10318087
51.20078
51.20646
51.21031
50.65544526
51.2291635
52.64890891
52.24577
52.1017
52.1463
52.11462628
52.13778816
52.1147
52.11486
52.11486
52.1473106
52.0863749
52.1505632
52.1468561
52.11670225
52.12976
52.16727957
52.1581
52.15794
52.1581
52.17296348
52.16864714
52.1639
52.17240677
52.13027
52.1186646
52.12914
51.48736667
53.18057416
53.179158
53.19971
53.19971
53.1984309
53.19853918
53.19931
53.21150772
51.4761647
52.77638265
52.7585908
54.11149
54.13319038
54.43524472
54.27032191
56.7173203
53.27985021
53.2776878
53.27583408
53.27801855
53.27808
53.99144
48.371781
48.2574321
48.16431667
48.2375741
48.2132025
48.40206
48.1912386
48.1878139
48.5098454
47.52262
47.48278196
47.52866057
47.52849911
47.50064571
47.51533204
47.49415816
49.65543323
49.65819203
49.6612251
49.67005
49.67884588
50.40547615
50.40531
49.7009293
49.6940274
49.69458
49.6961307
49.69428633
49.7004
49.7004641
49.698663
49.6987611
49.7010714
49.7173737
51.03816478
50.0411247
50.0203266
50.34556
50.5723626
51.00873
50.704197
50.7176004
50.725874
50.72565
50.71763
50.95058365
51.11303
51.1252661
51.10991038
51.0888898
51.08994714
51.08394
51.15425
51.08490113
51.09240837
51.15904429
51.0674431
51.0654324
51.09407
51.082324
51.07711714
51.0808533
51.0515904
51.05303
51.0856
51.0856
51.0856
51.0856
51.16220411
51.05030971
51.0441693
51.0450533
51.0444983
51.0603948
51.03899163
51.0375972
51.15412818
51.170805
51.05451001
51.05303182
51.05304273
51.03245122
51.07953
51.12463089
51.12620703
51.06328088
51.02524
51.0168409
51.01200515
51.03759588
51.10694026
51.15395989
51.20864
51.01860736
50.9971387
50.99572163
51.26079528
51.26924631
51.29150939
51.29540673
51.02640601
51.0087715
50.9980199
51.1840931
51.18328
51.1837264
51.01512
50.96767857
50.96371162
50.978806
50.95021
50.92002984
50.9038
50.90183
50.949957
50.89642088
50.9293028
50.9313299
50.933614
50.93003865
50.67583467
49.73075563
50.02489
49.50864436
49.4991917
49.52621636
49.52285731
49.5334
49.53491
49.52445
49.52445
49.51215
49.5216613
49.60466
49.7605462
49.76212556
49.32645083
49.32648714
49.32456234
49.30002894
49.29542327
49.29498
49.25366
49.0334551
49.03240573
49.03185894
49.03123184
49.01768
49.4804822
49.4744897
49.47914
49.47477836
49.47477836
49.50232653
49.50248296
49.50104559
49.48054
49.4842115
50.05468493
49.94081857
49.89843
49.89665539
50.24597
49.88606694
49.88711318
49.88363531
49.88266898
49.88178
49.88178
49.88224
50.26376
49.88202778
49.88045
50.26534449
50.25805631
50.25883216
50.26739
49.87893864
49.87706796
50.27503904
50.27877
50.27669
50.2837353
50.28710069
50.28907154
49.89133714
50.28852481
49.86096
49.95298
50.99462367
50.99973
50.999845
51.00016
50.51701
50.50257
50.503477
50.52028
49.91032
49.91032
51.08921878
51.0926724
51.17658234
51.17441
51.79499605
51.79498676
51.79498676
52.20775
52.20775
52.01965
52.6803885
52.4742784
52.47055336
52.4648497
52.97078607
52.98349
53.26688617
53.2671896
53.01797
53.018
53.018
53.02099714
53.02253484
53.30528038
53.363261
53.440231
53.448554
53.44978728
53.45045763
53.45045531
53.4519307
53.42516
53.46673
53.43616076
53.43734129
53.47717256
53.43601344
53.478744
53.487051
53.4876856
53.48881376
53.488722
53.49480175
53.50168281
53.4776455
53.50364796
53.48014997
53.49811835
53.51527592
53.5054284
53.5274756
53.543562
53.52361806
53.52361806
53.543459
53.5472999
53.5475475
53.51365
53.54130872
53.54949143
53.53294342
53.51204
53.5358476
53.5631395
53.54110071
53.560425
53.560425
53.53643
53.56762472
53.54246
53.56383776
53.54127
53.54127
53.55974
53.5849164
53.59408569
53.5977747
53.5712339
53.6179448
53.69164
53.6940181
53.70384569
53.6003808
53.58152364
53.6009388
53.6017287
53.6208646
53.6222643
53.62833429
53.63252867
53.65924615
53.66015828
53.570897
53.570897
53.56020224
53.5580246
53.54232586
53.54232
53.54230614
53.54144184
53.76093216
55.2949495
55.2885
55.27133966
54.39421188
55.17588957
55.168876
55.2606327
55.18772808
55.24323
55.1416823
55.17818184
55.18158277
56.2323403
55.2432637
56.22783404
55.159153
55.17249903
55.16769
56.07356
54.13843319
54.14238
54.130317
56.24580143
58.1103741
62.44913
62.45517792
58.50968
53.57919338
53.888685
53.58647
52.83211
53.08581
52.8334086
52.32508
52.32508
52.31763955
52.37795
49.49197545
49.49341276
49.49920201
49.4897949
49.49594102
49.49144918
49.49293714
49.60350104
49.60135
49.60136563
49.59976343
49.77772185
49.36111
49.37889875
49.38094923
49.16817
49.16296817
49.13944
49.14076
49.14076
49.13799
49.14349
49.12883841
49.12884
49.13376029
49.06915918
49.13148568
49.03722636
49.05047059
49.05073
49.05094
49.03838842
49.02446
49.03132
49.05135333
49.05055
49.04597027
49.04626
49.04626
49.0587606
49.05774
49.16909455
48.9397798
49.11059
49.1032191
49.15771
49.11315918
49.16366915
49.21907
49.11522
49.12260238
49.10884
49.11650463
49.11741918
49.11381637
49.121744
49.11297114
49.11679
49.16683334
49.11122333
49.17927
49.21710719
49.0047
49.17698342
49.10185333
49.173553
49.17967505
49.10288245
49.2176243
49.1199354
49.1041
49.2196798
49.04780457
49.04921074
49.0456072
49.14991656
49.04567
49.05665
49.05683333
49.10441869
49.0383707
49.1054668
49.0289214
49.05935591
49.03112811
49.22057598
49.2214
49.22152735
49.06065122
49.11551
49.12911635
49.11914
49.13371
49.14083
49.13391216
49.13579091
49.13597636
49.13647789
49.14643775
49.18619633
49.14499421
49.08282
49.15600588
49.15680077
49.15967789
49.16324
49.16329308
49.16409063
49.08477
49.08604
49.03528
49.02467531
49.087935
49.02702739
49.02490447
49.02547638
49.08845222
49.01918164
49.0403512
49.09023705
49.18684827
49.08834464
49.08809061
49.13050982
49.13333
49.12332063
49.1390949
49.12517953
49.13704
49.1337913
49.17647567
49.16656
49.18089429
49.16656
49.17396859
49.17203
49.17052684
49.17529514
49.18922
49.17249909
49.19221
49.19336556
49.19591
49.187996
49.20110519
49.20780275
49.2071077
49.2087875
49.19887
49.20965394
49.21105429
49.19969
49.19749
49.19969
49.18642571
49.2255323
49.2314704
49.2319615
49.2334428
49.233614
49.2343314
49.24467545
49.23322535
49.2608024
49.26347551
49.26351138
49.26324857
49.26308531
49.26415776
49.26296071
49.2655357
49.26218182
49.2637333
49.257155
49.26978348
49.26411
49.2679855
49.23357429
49.27130417
49.26933503
49.26233
49.273235
49.26984
49.26226
49.27097692
49.25469727
49.2640443
49.2603
49.259235
49.2627317
49.2624
49.26656889
49.26557286
49.27976102
49.28574041
49.27969
49.29045
49.2858449
49.32864
49.35025789
49.32944061
49.28511783
49.28234878
49.2806
49.2806
49.28029633
49.32396263
49.32576
49.284795
49.32748311
49.28245551
49.32409
49.28327
49.3275898
49.32276158
49.31947091
49.31808
49.32028714
49.31996941
49.30832406
49.30839408
49.30735102
49.30644132
49.30441
49.30324306
49.309287
49.28105401
49.30078183
49.28209615
49.28114
49.27672588
49.27485706
49.28106796
49.28029
49.27344735
49.27026773
49.26904429
49.26648684
49.26648684
49.26648684
49.26648185
49.26393
49.31385
49.27805
49.26001829
49.25976
49.26108
49.27792
49.27789
49.25563455
49.27737
49.2771138
49.2771138
49.24897885
49.24856
49.25688906
49.248015
49.24467857
49.26583676
49.23523
49.2357
49.23569607
49.2308658
49.23106629
49.27232184
49.23046419
49.2748
49.22812751
49.25071453
49.22654706
49.2574778
49.25407592
49.22504522
49.20425102
49.2127625
49.21256286
49.22194667
49.20265362
49.2125213
49.20683819
49.22138333
49.20632661
49.21770889
49.19235449
49.20020045
49.1939
49.19072929
49.1874403
49.18671
49.18873
49.19063857
49.18845378
49.1863143
49.19335449
49.23212626
49.226298
49.22194
49.22836
49.22836
49.2323
49.2524249
49.25814
49.2597416
49.4594
49.36512562
49.7016
49.70315
49.70287336
49.71829
49.71827
49.72233
49.73507
49.74081
50.08737
50.32131122
50.10734
50.10847759
50.10887
50.6496266
50.65544
50.65544
50.65514413
50.65470198
50.66524908
50.66564
50.66564
50.66778364
50.67233643
50.67319897
50.67584449
50.67667
50.67893818
50.67893818
50.67899
50.67899
50.67899
50.67899
50.67899
50.68413791
50.68006796
50.6882896
49.82850813
49.83182365
49.84099785
49.86026204
49.78124
50.44009
50.44767993
50.55031347
50.685145
50.7019667
50.70095
50.69966
50.69875711
50.6937446
50.6937446
50.6928
51.293739
51.64970267
51.6407476
51.62150549
50.9108
51.17389
51.17389
50.80136538
50.819278
53.86085
53.86449955
53.86650048
53.8692536
56.02604801
55.34232
55.3339375
55.24766
55.2466993
58.80113
58.8044747
56.2454
56.2402303
56.24036
56.24252
54.77477799
54.77820414
54.7811534
54.7802472
54.779345
54.464698
54.44549397
54.40006
54.39958
54.397641
54.23616
54.22424
55.76966
54.05346
55.76158
55.75078
55.74348625
55.93951
54.01648
54.6373083
54.52678
54.51166396
54.51717
54.51563972
54.51705918
54.51710375
54.03925
54.51327
54.518222
54.50625145
54.4710766
53.99041576
53.9102292
53.90886603
53.91034
53.90729
53.9174198
53.9174198
53.90989
54.0532398
54.05821429
53.59767
50.65269
50.72079591
50.71824304
54.31482977
54.3131408
54.01285
49.78346
50.03067201
50.03264
50.03392
50.03402
50.03054
50.03156622
50.01224697
49.71060697
49.69741051
49.6971357
49.69102673
49.67357616
49.66773767
49.84647488
49.84446348
49.84386493
49.82838
50.77747
50.7158156
49.26484095
48.94074
49.61861
49.6080487
49.4724
49.4769941
49.45267846
49.44024807
49.40673
49.4082226
49.34593471
49.3473842
49.33125557
49.30993473
49.34916368
49.34618
49.31935
49.3178555
49.31993
49.31993
49.5344463
49.26607
49.26607
49.26608598
49.26610197
49.25434615
49.24783
49.24524
49.24221265
49.66700872
49.68803
49.21085895
49.20277864
49.20321727
49.21509
49.20189459
49.20449
49.20449
49.22431699
49.2248678
49.23216275
49.19062818
49.23441
49.2364
49.1769569
49.1645
49.14563703
49.17653667
48.99276889
48.99295
48.9535824
48.92537941
48.8031
48.80532933
48.7994035
48.78475
48.77679
48.77678539
48.77397316
48.77358
48.854185
48.86067982
48.85251027
48.69623952
48.69262215
48.69167128
48.88944
48.607163
48.53362
48.59563368
48.46192087
48.45806774
48.65373636
48.65702
48.64895448
48.64895586
48.50082
48.64892
48.4501225
48.49843
48.44848862
48.44656379
48.49804231
48.48158713
48.44335266
48.48455923
48.44240752
48.44235
48.44143
48.44991898
48.45353714
48.46998
48.45017615
48.44205
48.45663455
48.45415
48.45064469
48.43728918
48.43013
48.42993
48.47754
48.44479
48.47170999
48.44552
48.44291552
48.44942
48.43785293
48.43311715
48.43821644
48.43427837
48.43191143
48.43367939
48.42773025
48.44796667
48.41220058
48.42648
48.42645
48.4151302
48.43214
48.4160325
48.42566633
48.42370898
48.42500651
48.42614571
48.43193677
48.42809
48.44066316
48.44609
48.44522
48.39458555
48.3786176
48.83354
49.15112
60.72614898
60.71593495
60.73114489
60.73998
53.91550981
53.90989
53.90544
53.91048
53.89965
53.88016
51.6517659
51.65144
51.6394003
52.11734
52.13168
52.1288949
52.12887102
50.81892
50.71279
50.6968329
50.69777797
50.69776
48.45133027
48.44880783
48.43587123
48.43607512
48.75689796
48.45757
48.7719153
48.78434224
48.78438
48.79638
45.31561
45.31561
45.30262
45.33615778
45.26864157
45.26863235
45.27155
45.27028
45.27069125
45.34921
45.31697001
45.34819648
45.34888515
45.30227417
45.33296
45.35292425
45.3247075
45.33620709
45.30771066
45.30740676
45.34561959
45.34896778
45.35091
45.35311
45.37053083
45.37061
45.37105857
45.372818
45.39552
45.39552
45.39150172
45.2240975
45.41160652
45.411005
45.39978273
45.41993877
45.3573151
45.3573151
45.36334908
45.3539
45.38677872
45.3996469
45.43336
45.433308
45.43501939
45.41091222
45.43576105
45.41309667
45.43606539
45.41581667
45.25691
45.26725975
45.26869
45.10457585
45.0301839
45.38435471
45.3048483
45.30585
45.32124
44.6217044
44.6032662
44.60479
44.6040935
44.61076222
44.59284
44.26419265
44.27428122
44.25815593
44.26172696
44.23259
44.337385
44.23099313
44.26145678
44.25836
44.25643471
44.23799
44.25092782
44.24266892
44.24219174
44.24165522
44.24091
44.25946694
44.20764839
44.18448778
44.41552
44.19574642
44.18638
44.13611
44.104645
44.28904611
44.29189333
43.96331
43.90760453
43.97632837
43.97115341
43.97172
43.91057
43.92075591
43.91843408
43.91916931
43.93638152
43.942966
43.89920828
43.94113005
43.8889624
43.89358392
43.88695
43.87915362
43.86690565
43.86564651
43.85968288
43.86468018
43.8638147
43.859581
43.84796
43.84316
43.84349179
43.90952
43.83459918
43.91096
43.83814778
43.82904672
44.09409625
43.80644
44.10775067
43.8652224
43.86556571
43.8511025
43.850865
43.84976065
43.84101725
43.84015377
43.89127297
43.90374
43.899563
43.89947
43.8516
43.85040807
43.8146
43.8340925
43.84141598
43.84109024
43.8003307
43.8106164
43.95681854
43.95829469
43.80936016
43.96496196
43.7899618
43.80912818
43.78557739
43.79588029
43.7957925
43.78416
43.7707414
43.775466
43.80825466
43.77976
43.76262
43.75861
43.79976
43.80140782
43.7644127
43.81358
43.768118
43.81710205
43.78216
43.7984506
43.81141384
43.74416444
43.74771
43.7601748
43.7846456
43.7665105
43.79762261
43.7205099
43.70865
43.69355
43.68765
43.68110833
43.7824005
43.7847275
43.78679566
43.78876681
43.7854118
43.79209759
43.66121631
43.71119045
43.66800955
43.74221608
43.74639252
43.79482
43.66800752
43.7807858
43.65980015
43.66053235
43.63927
43.7012625
43.67934
43.72984234
43.74971309
43.62546125
43.82972583
43.62993
43.626572
43.67655
43.7019
43.6708312
43.7166569
43.6717588
43.6694475
43.66924
43.62303711
43.6700824
43.83580083
43.64385099
43.649745
43.629895
43.61600759
43.84715193
43.65879
43.65126
43.64962615
43.66861853
43.66861853
43.65046053
43.6459
43.65320615
43.67148
43.66061143
43.6634308
43.6639487
43.6639487
43.66688385
43.67298303
43.68339733
43.66603714
43.6886695
43.63605125
43.63956828
43.67965333
43.69088
43.6877735
43.68892313
43.70528
43.7089125
43.71146
43.7123005
43.7110257
43.711808
43.70722882
43.70966852
43.72284
43.7255739
43.65184625
43.7292761
43.72304875
43.73423739
43.73474308
43.4537
43.4622
43.46670514
43.47979834
43.40076004
43.518025
43.51475
43.52236625
43.52765173
43.53323
43.38338391
43.39319314
43.3908735
43.37500298
43.5513803
43.56181025
43.56699541
43.56730189
43.56756459
43.56971665
43.35680972
43.35663996
43.34646391
43.34646391
43.57159
43.5803965
43.57777873
43.5809175
43.3357729
43.33901359
43.33697777
43.58829136
43.32782296
43.32782296
43.59410538
43.59177
43.60873292
43.60710718
43.59511
43.60992
43.60446
43.60798
43.53572
43.59652721
43.59919504
43.5417045
43.5415727
43.60909
43.626546
43.22544
43.22551734
43.22704
43.22908675
43.25969
43.17337467
43.25734
43.16303929
43.16936661
43.155558
43.155372
43.14744462
43.31559556
43.3179275
43.249808
43.21707
43.21863
43.22069
43.32977
43.35466
43.355283
43.25503
43.25829
43.37387
43.25047
43.24979889
43.1921532
43.17637697
43.19954378
43.19446389
43.23315418
43.23425
43.24080322
43.23714
43.24002667
43.24432778
43.18895
43.2532231
43.01479
43.01479
43.11939
42.99402048
42.99222
43.01435572
43.1557522
43.1245187
43.17923407
43.17937898
43.16581
43.02266
42.90545541
42.90567
43.070393
42.95434467
42.94747545
43.00042667
43.08822923
42.94235222
43.08795669
42.92228
43.09412456
43.10413985
43.10413985
43.05102857
43.09407
43.10931
42.958335
43.11425022
42.91461
43.06011147
42.97736069
42.98816
42.989312
42.95801
42.99763711
43.00048936
42.98860174
43.010624
43.01106389
42.98012286
42.97735
42.90508042
42.88808545
42.99104296
42.9088949
43.14327
42.90886
42.78464467
42.836844
42.83526
42.8402495
42.8461
42.85250552
42.86217
42.86217
43.37967
43.39061
43.40838435
43.40852
43.40717
43.40930939
43.41351692
43.42337
43.42442
43.42442
43.42347432
43.42431643
43.43164039
43.41425376
43.63815562
43.55475198
43.65154
43.65056273
43.64988571
43.56054286
43.56596642
43.64954126
43.64939774
43.56155
43.51797
43.51685333
43.69144767
43.69452911
43.65735809
43.11613
43.20724545
43.1158086
43.11626867
43.13
43.04059842
43.04160273
43.00624059
43.00147
43.00526
43.00669
42.96159173
42.92795123
42.92480204
42.93690634
42.9381033
42.93705
42.93903125
42.78590333
42.93163111
42.93354
42.77878
42.77878
42.7752223
42.96328
42.97130778
42.97247944
42.97516149
42.97516149
42.983266
42.99114731
43.00564
43.01158
43.01705
43.02498
43.02546333
43.02770449
43.03469414
43.03662
42.66374
42.66185
42.66176067
42.68147636
42.684652
42.94706548
42.960192
42.81419183
42.95904218
42.98041
42.98041
42.98030111
42.98030111
42.41523571
42.4068083
42.42944729
42.43287798
42.39078471
42.03847045
42.28993176
42.04755404
42.03765916
42.03375848
42.30718727
42.30635875
42.29865605
42.25490341
42.26235898
42.27429119
42.28679
42.09741
42.09322935
42.28513281
42.27931685
42.30889387
42.29867
42.29825812
42.31151103
42.31242
42.18830918
42.32707
42.25430579
42.13932067
43.83706
44.15625807
44.57666414
44.57567348
44.57018
44.57416283
44.58382269
44.58321955
44.5652534
44.5717094
44.56692
44.42609
44.33949139
44.3345884
44.33787808
44.35550561
44.33832308
44.33685373
44.3364375
44.35526102
44.33556793
44.40157
44.41404
44.41462667
44.41528778
44.41701174
44.41565612
44.30839696
44.14841
44.148355
44.42927333
44.34876
44.35011
44.35335429
44.35381
44.34109
44.421163
44.42319
44.30466
44.30258769
44.30081381
44.28966333
44.28657534
44.28491
44.284434
44.28143
44.28028625
44.42824
44.47863
44.90481857
44.91221394
44.88944479
45.47333538
45.48159085
45.13467
45.13363
45.13323456
45.13275602
45.13223
45.07306257
45.08279489
45.42212007
44.90651944
45.4347
45.42595
45.53581
45.48304
45.4600026
44.81319
44.633
44.63189
44.6166
44.60894184
44.59960962
44.59032
45.0435188
44.9962773
45.0498275
45.34407
45.34340481
45.344422
45.31568
45.33947144
45.33192245
45.33405
45.33427281
45.33458
46.45103129
46.47194965
46.50216
46.50575062
46.50168622
46.08142667
46.27088551
46.2829
46.30729311
46.31202
46.31296
46.31296
46.31798162
46.31571962
46.33246
45.49942
45.4860755
45.4860755
46.72137529
46.72788
46.74612523
47.32952615
47.290527
47.33069
47.33723
46.60858837
46.53725
46.52209163
46.52205
46.50502686
46.50585
46.49132958
46.21335
46.18657
46.25590111
46.52184
46.52999917
46.53612088
46.54377269
46.54303
46.55097226
46.5381441
46.53738706
49.77439588
48.35118567
49.218
48.80358212
48.42831742
48.40642112
48.4135605
48.40329626
48.41559
48.41559
48.40407
48.38369551
48.38084
47.7506
48.60725
48.57986861
49.75990934
49.7552345
51.46791
49.7862262
49.7964
49.68847455
49.68876
49.4200538
49.0600608
49.06325068
52.24531
49.06050063
48.75815325
48.46986891
48.47251323
48.47251158
48.47639857
48.80531808
48.80318
48.75642
48.75043
48.6025182
48.14718
45.4316955
45.5252195
45.30137
45.03792676
45.03812474
45.03381
45.0287936
45.01996286
44.92985936
44.92580163
44.8963733
45.45221836
45.45347432
45.4536776
45.45709143
45.458575
45.41724
45.41797848
45.44609174
45.48038
45.4002091
45.40523
45.41172176
45.48862018
45.4290385
45.41137951
45.41173343
45.44226
45.489553
45.488788
45.43642
45.4755275
45.5356
45.4805384
45.4831471
45.4843529
45.462575
45.47944224
45.4758498
45.4917819
45.47756
45.489127
45.4779433
45.44199
45.4541327
45.45376889
45.55383
