-75.84883
-75.84883
-75.876055
-75.7994028475483
-75.7511392975935
-75.7511639463902
-75.74702
-75.74192
-75.7408525
-75.80515
-75.8900513218109
-75.7863466375104
-75.7608445840817
-75.9142483333333
-75.72896
-75.7593245369859
-75.71596875
-75.7250272826182
-75.9191627451347
-75.9196711967659
-75.7304456845579
-75.7324555555556
-75.73358
-75.73469
-75.7700666666667
-75.76937
-75.7688328571429
-75.7679092
-75.83552
-75.83552
-75.755143747251
-75.68488125
-75.818777826087
-75.839105
-75.7320581818182
-75.8095308031074
-75.6538102040816
-75.6538102040816
-75.658896395124
-75.64844
-75.6796023225593
-75.6837603
-75.78517
-75.779701
-75.7807949680794
-75.6928911111111
-75.7778724318387
-75.6944033333333
-75.7730653768985
-75.6967733333333
-75.7461782
-75.7423732
-75.7436385678856
-75.7313602
-75.80135
-75.7428153134988
-75.7551018
-75.6999086
-75.7299707864113
-75.7282058
-75.69724
-75.6969956
-75.6880919
-75.6892402711587
-75.699875
-75.6833787
-75.7836343
-75.72843
-75.6769715
-75.6771175
-75.6778769
-75.665239
-75.66076
-75.64335
-75.637466705784
-75.5985881
-75.5962411
-75.6472648523287
-75.6437036475637
-75.6308675014007
-75.48467
-75.51368
-75.4804453082725
-75.5968989427697
-75.4358
-75.5100754054054
-75.513188
-75.4437523048327
-75.5036228822974
-75.4846337
-75.4856696428571
-75.4201879
-75.6091016638989
-75.60051
-75.4114
-75.4125301
-75.41397
-75.41566
-75.4019644670183
-75.6249
-75.3334153
-75.29021
-75.2437727087281
-75.10024274341
-75.0567485714286
-75.0595962286463
-75.05514
-75.05393
-75.05382
-75.051523
-75.16542
-75.0186544444444
-74.9812925
-74.9374705974235
-75.05398
-74.86992
-74.9293805
-74.7526
-74.7526
-74.7526
-74.75796
-74.7761699
-74.63229
-74.6015429496298
-74.613527305512
-74.4570594
-74.40858
-74.5971775
-74.6004698701299
-74.467312704619
-74.3457599810996
-74.3406702063588
-74.54712
-74.3018395235725
-74.3018395235725
-74.1590150996112
-74.2200622222222
-74.11789
-74.0956602
-74.095033
-74.0918169500128
-74.05828
-74.05691
-74.0461693147997
-74.03488
-74.1276863
-74.02749
-74.0259235587701
-74.152
-74.19301
-74.2782173
-74.0237736785086
-74.01981
-74.2865398
-74.0187345
-74.1219172
-73.9938613043478
-73.9860163110903
-73.98487
-73.95566
-73.95566
-73.95566
-73.9220954112065
-73.9390024518386
-73.9126036
-73.91754
-73.9203926086956
-73.9151703
-73.9251410061948
-73.91382
-73.9121328571429
-73.9144757894737
-73.9734212513447
-73.91115
-73.9055172760461
-73.88211
-73.913686
-73.9026
-74.0025766
-73.9332713643369
-73.9006813660153
-73.8895050104442
-73.87243
-74.019967
-74.0632638
-73.8609831
-74.012652972973
-73.9988301994584
-74.003283
-73.8754254347826
-73.87576
-73.8663037
-73.8478229
-73.85562
-73.8589386
-73.8544156
-73.8522181
-73.8491333
-73.852917
-73.8364584
-73.8355551785714
-73.8304812189073
-73.91658
-73.8815806
-73.81279
-73.8177942
-73.869051
-73.8567467
-73.8161037
-73.9597
-73.7994851
-73.8089375510204
-73.795376
-73.79498
-73.7907571
-73.9513786
-73.7996663
-73.871944
-73.782558
-73.7889863265306
-73.96177
-73.7825846479245
-73.7809842
-73.7430724
-73.7191
-73.9612595927103
-73.75847
-73.96911
-73.7350142647027
-73.7757076
-73.9829799
-73.9829799
-73.7080555102041
-73.80694
-73.71455
-73.74129
-73.6999815436242
-73.6810012317755
-73.68321
-73.68467
-73.7211431
-73.66897
-73.74204
-73.66133
-73.69884
-73.7399821780115
-73.64871
-73.6466221212121
-73.6534953
-73.6910639
-73.67702
-73.690849579954
-73.6871681494943
-73.6640703
-73.66007
-73.63679
-73.65643
-73.65239
-73.639345
-73.7625195
-73.71338
-73.726902
-73.7128175609756
-73.6332385
-73.7272378
-73.69694
-73.6704673469388
-73.733271
-73.7258424
-73.63561
-73.6351052
-73.6511731
-73.647276
-73.6286935417924
-73.6201477775536
-73.62512
-73.6174905
-73.6218139285714
-73.61244
-73.6137131
-73.607095
-73.5986651006711
-73.59324
-73.619657
-73.6260957142857
-73.59494
-73.5938088
-73.5766628571428
-73.585632
-73.5859141
-73.5852
-73.57199
-73.6151018270011
-73.5671606122449
-73.5669890909091
-73.5669890909091
-73.57395
-73.5794406
-73.5792859
-73.56933
-73.5774778
-73.58094
-73.57209
-73.5842979
-73.5720422208048
-73.55846
-73.5405944
-73.5488397888355
-73.568
-73.56258
-73.5177606993927
-73.53149
-73.5158394444444
-73.526401768019
-73.6619489
-73.5153051967369
-73.5160634062861
-73.4939163076923
-73.54271
-73.5383963
-73.4866757
-73.4907331
-73.5971
-73.59099
-73.5850376963351
-73.60869
-73.61189
-73.5923742
-73.6043927272727
-73.574106
-73.56996
-73.5759729166667
-73.586790641291
-73.6165979
-73.6232548484848
-73.5877136253789
-73.6160323809524
-73.56892
-73.5977749559285
-73.5881633
-73.5796
-73.6252721
-73.63168
-73.63259
-73.58529
-73.5616451427517
-73.5873943
-73.5589524705882
-73.6372677777778
-73.63732
-73.6374214285714
-73.6013067
-73.6202563636364
-73.6421957
-73.6156575838926
-73.5530725
-73.59901
-73.6185044390029
-73.5960227272727
-73.5869263157895
-73.59331
-73.6189279527559
-73.5651118
-73.6048334693878
-73.5389514285714
-73.5389514285714
-73.5389514285714
-73.6488342
-73.5716081818182
-73.5377
-73.6364714312154
-73.54929
-73.5718367
-73.56886
-73.5730057
-73.5768399
-73.57585
-73.5584485106383
-73.5821397183099
-73.5792469
-73.5794622
-73.5581516326531
-73.5862258333333
-73.5526193877551
-73.5644398
-73.5820769
-73.5601435294118
-73.59231
-73.5631685714286
-73.5631685714286
-73.5814698
-73.5895282
-73.5942183673469
-73.5448784615385
-73.5856436
-73.6003589
-73.58235
-73.6010983221476
-73.57718
-73.6030113043478
-73.6032778
-73.57509
-73.5580271
-73.55806
-73.5584503
-73.6039135
-73.6034255555556
-73.5907546153846
-73.59768
-73.6059728
-73.5615416666667
-73.6038428947368
-73.6043348611111
-73.5379012121212
-73.575187755102
-73.6048938888889
-73.61046
-73.5711010741759
-73.560497
-73.512352
-73.5669602783276
-73.50328
-73.50879
-73.576269
-73.571914
-73.5779606
-73.566070952381
-73.49293
-73.47946
-73.4748654
-73.485667
-73.470639
-73.4713523
-73.47001
-73.47001
-73.4911176
-73.4503326
-73.49138
-73.4518747978152
-73.4436
-73.4177589
-73.5041714
-73.44477
-73.4373793806782
-73.4545102
-73.5140366666667
-73.51068
-73.51246
-73.4995109090909
-73.4382224
-73.4334009
-73.4324552874762
-73.4298464
-73.5174078378378
-73.51982625
-73.5110516583367
-73.5203666666667
-73.527292027027
-73.53362
-73.5227992820918
-73.53409
-73.4587661515347
-73.46215
-73.5470627
-73.480479467966
-73.4542115
-73.441760632867
-73.5357275
-73.4078113
-73.4049047
-73.5608893939394
-73.5619
-73.4182506
-73.570496530392
-73.4699642556396
-73.5122551
-73.46154
-73.5317393
-73.4923230201342
-73.5155384
-73.5125462
-73.5134418224141
-73.4864968
-73.4877003
-73.4831283333333
-73.4699965
-73.469223683712
-73.4684486733926
-73.62587
-73.6199607055158
-73.6241342857143
-73.6228924489796
-73.6146791836735
-73.62862875
-73.6353416
-73.617975
-73.6540194
-73.6567002020202
-73.6678791
-73.6850641666667
-73.7011162790698
-73.72806
-73.7323278
-73.6896023
-73.6584524489796
-73.6896731
-73.6914598
-73.7272445
-73.6500783333333
-73.7700283913219
-73.7834611
-73.7806558
-73.7518454939774
-73.7499373189898
-73.7576483
-73.7890227
-73.8105818
-73.8092977
-73.7449865254237
-73.7544615068493
-73.728902
-73.7273601
-73.6998089932886
-73.723626
-73.695494
-73.7491352
-73.6906738
-73.6874881
-73.744883
-73.7460675
-73.7822103
-73.744593
-73.7845177
-73.7868822011977
-73.7129029
-73.79147
-73.7937876
-73.7906433604011
-73.73494
-73.7877459057033
-73.8067
-73.7867059438097
-73.76549
-73.6696986
-73.667444
-73.6627512
-73.81645
-73.68021
-73.8239306271791
-73.82466
-73.60436
-73.6299433
-73.6445337
-73.6482154385965
-73.6482154385965
-73.6506721
-73.6410346
-73.5766998
-73.5108513
-73.5095379
-73.5071745
-73.5088924
-73.4959119
-73.4877968
-73.463156
-73.4637469
-73.4700846
-73.4552428
-73.4661423762714
-73.6174438
-73.6200283
-73.6181777
-73.6073112
-73.6017829
-73.4515539015558
-73.602576
-73.6079933
-73.609309
-73.4461111
-73.6648325578351
-73.65609
-73.6530443
-73.69896
-73.6532963052053
-73.7196706451613
-73.7618159925373
-73.8130649
-73.8140381
-73.757377
-73.85351
-73.8438927576458
-73.8394222077922
-73.86303
-73.84741
-73.8508606
-73.8395169
-73.8326193
-73.74129
-73.7549494796489
-73.73273
-73.7316361528092
-73.7303834353375
-73.7292916267639
-73.71052
-73.7262166264199
-73.65418
-73.4453947
-73.423767
-73.4327
-73.42377
-73.4229393333333
-73.4127626
-73.48558
-73.4229961148702
-73.284648
-73.2964371
-73.32674
-73.281201110792
-73.2810712
-73.57922
-73.2380696
-73.2309640278491
-73.2225168722256
-73.416248
-73.41502
-73.44453
-73.4460436986785
-73.4301067
-73.4311123409132
-73.4397709
-73.4516281278539
-73.4539266557578
-73.4187595
-73.44512
-73.4427766
-73.2226505263158
-73.4552045945946
-73.4551235135135
-73.3507533333333
-73.4681
-73.1592556
-73.2052426085223
-73.1858491511781
-73.14005
-73.1454794
-73.17502
-73.162942244898
-73.4261481632653
-73.1433703
-73.104317
-73.55011
-73.0892179
-73.3143416262483
-73.315039780348
-73.44358
-73.1192334273638
-73.0186828
-73.378431147541
-73.3807429066594
-73.3807429066594
-73.3833179
-72.9548828655125
-72.9458109
-72.9418252
-72.9245507
-72.9203978
-72.8355583
-72.8366273
-73.1447970593567
-72.9163302857143
-72.9413538
-72.6698368
-72.60493
-72.72216
-72.58827
-72.5951491
-72.6031675
-72.5855356
-72.60025
-72.71333
-72.5836594630872
-72.589715
-72.5832860240964
-72.60823
-72.5887275
-72.5825485992932
-72.5979584
-72.5979584
-72.5903787
-72.5826134
-72.675883877551
-72.7469055102041
-72.5815818
-72.5712556
-72.5558500198588
-72.54776
-72.5543577045285
-72.5531446665667
-72.56754
-72.52471
-72.53837
-72.7490105046217
-72.75111
-72.57375
-72.7411
-72.55776
-72.55776
-72.5302728571429
-72.53068
-72.56693
-72.7277656
-72.56667
-72.5476331
-72.52282
-72.56484
-72.5062381
-72.6969163636364
-72.6545129
-72.5813022
-72.4360958312508
-72.4353
-72.203613
-72.1975974389173
-72.4316845714286
-72.0312475
-72.0361418181818
-71.8864094
-71.97062
-71.69963
-71.6984085714286
-71.69485
-71.678533
-71.833471
-71.8170940840143
-71.7466322984991
-71.620478493001
-71.60938
-71.4688600237422
-71.46064
-71.5283891
-71.4339285714286
-71.44515
-71.4195202782817
-71.41647
-71.38959
-71.37028
-71.3686137271364
-71.360556
-71.3612490047344
-71.4635569982759
-71.35183
-71.3519675
-71.3514078
-71.3503581
-71.35459
-71.3490226710059
-71.3581333333333
-71.3568032857322
-71.3501592
-71.3463
-71.3460331740832
-71.3453735752567
-71.3453735752567
-71.3593571428571
-71.36106
-71.34826
-71.35279
-71.35279
-71.5083744751177
-71.3413
-71.35617
-71.3330120731145
-71.3281440679875
-71.3315171771342
-71.350952432773
-71.3217005407115
-71.33771
-71.3274
-71.3178658503929
-71.3361461968661
-71.32893
-71.31097
-71.31097
-71.3089041657924
-71.31103
-71.31103
-71.3057911764706
-71.2953653039627
-71.29332
-71.2919827539306
-71.29144
-71.28563
-71.2944629
-71.2719304053431
-71.2719304053431
-71.2939768
-71.2639421
-71.270304537037
-71.2929455
-71.2929455
-71.29116
-71.29116
-71.2839433333333
-71.2839433333333
-71.2603810951259
-71.2598474
-71.256805
-71.2921718077312
-71.31167
-71.253122
-71.2609414864865
-71.2627473223542
-71.25859
-71.3179633
-71.27108
-71.2498492682927
-71.247226
-71.2435878
-71.28856
-71.27525
-71.2743993093864
-71.27549
-71.30305
-71.23637
-71.23315
-71.21409
-71.21409
-71.207982
-71.34699
-71.20484
-71.21739
-71.2053728571428
-71.2056992625563
-71.23815
-71.2007394235416
-71.21635
-71.21635
-71.1935807960498
-71.1936703980249
-71.1935807960498
-71.2004771428571
-71.22245
-71.24951
-71.2493487
-71.26362
-71.2227618
-71.2661023
-71.243528
-71.2687239
-71.27077
-71.18722
-71.21061
-71.21654
-71.21672
-71.27377
-71.22856
-71.2458817
-71.2688317740758
-71.18188
-71.2272264822433
-71.22429
-71.277132
-71.27962
-71.27962
-71.2750796439633
-71.2677459515805
-71.2782575045257
-71.2779612
-71.2769879700852
-71.26993
-71.220491
-71.2244859
-71.2256688
-71.2249257
-71.2260985
-71.2225339
-71.22402
-71.251475
-71.20735
-71.2304066
-71.3030291
-71.32326
-71.3500619348107
-71.3681677865172
-71.37687
-71.234004
-71.233307
-71.240265
-71.227974
-71.224
-71.2272223
-71.2175924
-71.1649300400549
-71.1774221
-71.19902
-71.16887
-71.1854596078431
-71.1717325242883
-71.1663971428571
-71.17858
-71.16745
-71.18186
-71.1224295
-71.1628665137615
-71.1629166055046
-71.113060884534
-71.2113137
-71.21271
-71.1392079564289
-71.0943246702775
-71.22429
-71.2175924
-71.2225339
-71.2249257
-71.0139953
-71.297235
-71.4042
-71.4042
-71.4042
-71.41478
-71.1942171
-70.9134277847785
-70.90613
-70.9175722
-70.8914044346974
-70.89409
-70.8887
-70.9042386482759
-70.8124566170521
-70.7281183
-70.7974798
-70.7934957
-70.8532861246134
-70.5181234
-70.51511
-70.3844406
-70.4082583339981
-70.22606
-70.22534
-70.1627589
-70.1499181418971
-69.72498
-69.72498
-69.69568
-69.7850771428571
-69.54471
-69.40644
-69.1010650165024
-69.13536
-69.2347462
-69.0775
-69.0775
-68.2548013507379
-68.23584
-68.1930603086835
-68.192560182986
-68.15933
-66.88396
-66.8490826856491
-66.33695
-66.38303
-66.37869
-66.36436
-66.36436
-66.3673876
-66.3696
-66.3695911764706
-64.7748645616807
-63.60913
-63.5958047553259
-62.80475
-61.8170391
-62.0384544
-57.1897074
-55.05959
-57.9215742
-54.6007563
-58.57994
-53.2837849770701
-52.86651
-52.8359688888889
-52.8357953716371
-52.8353207432741
-52.8169986071578
-52.8074181735645
-52.7821472845028
-52.7815205707899
-52.7692862
-52.708993523321
-52.7160469817051
-52.7234366506416
-65.6091878
-65.32139
-65.7648660892938
-64.7213331231399
-65.78509
-65.51846
-64.5352000465635
-66.1288628165032
-64.460036867531
-65.9686503
-64.3271082267789
-64.2397935322739
-63.5069728318362
-63.5427743790085
-63.5823402564103
-63.5823402564103
-63.5959025
-63.6729312516799
-63.57506
-63.5811678450907
-63.6753861628496
-63.59945
-63.6715333333333
-62.6661107836241
-62.6659157487247
-62.663098877265
-61.9662656227981
-63.31278
-63.3143410641924
-61.98589
-61.9982540181667
-61.3529233147543
-60.2626958107016
-60.2492397315512
-62.58339
-62.65115
-63.21786
-63.14632
-63.1534477301409
-63.1485088
-63.1482419
-63.1473542857143
-63.14704
-63.14635
-63.13825
-63.13454
-63.114228
-63.11273
-63.08752
-63.779518
-63.7803473684211
-63.7812449719385
-63.7817621349197
-63.7823817819268
-63.778601026
-63.98594
-63.92105
-64.0001643314115
-63.63757
-64.2267065
-64.1825889316589
-64.2145312013687
-64.0649
-64.202065
-63.8718871428571
-63.70424
-63.4260236162755
-64.0600451109133
-64.3261966666667
-64.9480519
-64.8334309
-64.8258580406134
-64.831896
-64.8298
-64.7577
-64.7673566957397
-64.80201
-64.827349479748
-65.507755
-65.97263
-65.9703084699357
-65.8278918367347
-66.02433
-66.02087
-66.0234469442528
-66.0231295574925
-66.0436822479195
-66.07523
-66.59007
-66.78874
-67.0529136842105
-66.7502485
-67.2347600823194
-67.5276152631579
-66.0463255555556
-65.42202
-65.4911727424001
-65.53166
-65.5631135178444
-64.9673353
-64.9106312250301
-64.915303
-64.6154022
-64.9383111
-64.9630191
-64.9646099
-65.6743374
-65.6780622
-65.6797884
-67.588003268585
-67.61528
-67.6177567127962
-67.7182871895293
-67.9979017133439
-68.0153475788986
-68.0092666666667
-68.0438120481928
-67.600758003138
-67.5818933207933
-67.98597
-68.64518
-67.16514
-66.953595592094
-66.9502922
-65.99092
-65.8577566
-65.8548790386255
-66.12206
-65.8479392
-66.1736172373009
-66.18746
-66.31285
-64.71138
-64.4850066666667
-64.48247
-64.4825764545455
-64.4917187755102
-66.4860504
-68.638472147719
-68.7996722997846
-69.92681
-69.92572
-70.1281071
-70.0647
-69.4076
-70.0812998
-70.003101
-69.9834473677123
-70.4486425704515
-70.3452288888889
-70.6516734
-70.65604
-70.67542
-70.6786846118963
-70.6823324708375
-70.688679172979
-70.6944793220339
-70.6777557980768
-70.69876
-70.8228
-70.7729
-70.8787017490494
-70.881282592341
-71.2520230034067
-71.8954117058185
-71.84603
-71.86183
-71.8961928571429
-71.848505
-71.8510214537061
-71.9276366666667
-71.8411728813148
-71.91241
-71.9058115942029
-71.87267
-71.9407985813289
-71.8053059534623
-71.80524
-71.9792074
-71.98677
-71.8044627
-71.94884
-71.7982025714286
-71.95303
-71.9656670790798
-71.9655183309027
-71.9648316
-71.9566793221563
-71.7869531
-71.97354
-71.9681640624799
-71.9817581
-71.9642692699016
-71.9688936
-72.0177057692308
-72.04339
-71.84689
-71.9632025868941
-71.6731903546653
-72.1248594117647
-72.1260108
-72.42952
-72.37719
-72.2798454802408
-72.5088957142857
-72.5120623
-72.533364
-72.5415471
-72.305116
-72.41546
-72.39205
-72.5823422
-72.1582681745086
-72.2075156626886
-72.16199
-72.1461525510204
-72.17542
-72.51591
-72.51591
-72.1387243
-72.1370889189189
-72.62551
-72.62627
-72.3673833791752
-72.7415931
-72.7449274274899
-72.74804
-72.6791985819446
-72.746937
-72.7467096
-72.747362
-72.668072
-72.7620529
-72.6503979577202
-72.6479667
-72.6461699
-72.799819
-72.75824
-72.77332
-72.7028902973867
-72.7459686
-72.7175012971133
-72.7209240168296
-72.7219431267859
-72.7290678
-72.734109
-72.7418987
-72.72692
-72.74769
-72.74867
-72.75244
-72.7505003
-72.75438
-72.7537278776803
-72.7533608135806
-72.7480954
-72.77074
-72.9618808
-72.971076
-72.9360470969612
-72.9788518048954
-72.99251
-72.6710375106455
-73.1171759
-72.9874013665683
-72.9905233333333
-72.990314
-73.2138502040816
-73.2725169699447
-73.2490356
-73.26066
-73.1089366666667
-73.25383
-73.04276
-73.2652904
-73.2124121052632
-73.267747
-73.26818
-73.2138536308923
-72.9954
-73.2908622564294
-73.28135
-73.28135
-73.28135
-73.2839485714286
-73.0343023124007
-73.2968647
-73.2951554545455
-73.2883521841916
-73.2998181057525
-73.51199
-73.51199
-73.5701652941176
-73.5704790011865
-73.6105066
-73.4493735
-73.61359
-73.5288794
-73.6194174
-73.6153890909091
-73.6183238
-73.434322
-73.5168194
-73.4133702
-73.4128573
-73.4070295
-73.406002
-73.3965285185185
-73.67671
-73.6812172
-73.6809138195167
-73.4126289
-73.74127
-73.7414766
-73.5850222456015
-73.7355664
-73.3726318
-73.72278
-73.4745522
-73.7978024
-73.8434429589669
-73.8473635
-73.8066692
-73.9855952477062
-73.9966553581425
-73.87022
-73.8783723
-73.8733085365854
-73.9395031051219
-74.06078
-73.9280947272696
-74.046009
-74.0859923
-74.0997073
-73.9825552941176
-74.11263
-74.1732
-74.1732059469676
-74.1967301
-74.2438884
-74.128401123767
-74.1288751
-74.1466526947684
-74.1559867
-74.1594875
-74.1997360304218
-74.2071402
-74.1791761687611
-74.3086568
-72.9524418134764
-72.9480279591837
-72.9444087755102
-72.9653341
-72.9415655102041
-72.9674227272727
-72.9810544295302
-72.9306227
-72.9639065588918
-72.9771991449939
-72.9770862568725
-73.0053444444444
-72.9233834693878
-72.8986352
-72.7796
-73.1827146666667
-73.19753
-73.1907623448831
-73.2056732600556
-73.20144
-73.211543
-73.206479
-73.2130329
-73.2081508273464
-73.20745
-73.2154139327183
-73.2094044
-73.2251561469832
-73.2117717
-72.6942809090909
-73.0723318367347
-73.159159
-72.7779831
-72.8986655
-72.57109
-72.57007
-72.56129
-72.5402179
-72.53009
-72.9352443709802
-72.5212216666667
-72.5182794
-72.52079
-72.52079
-72.5173111
-72.5146592186959
-72.5127808
-72.508073
-72.5050662068966
-72.49143
-72.48003
-72.4658033
-72.614491
-72.8128144
-72.8115085714286
-72.8256611511134
-73.17087
-73.1693442
-72.3404813399816
-72.5621956339829
-72.5663278052304
-72.570880925559
-72.53409
-72.14403
-72.1399001574997
-71.9687980273173
-71.99922
-72.0138092
-72.0138092
-71.8089193650794
-72.01561
-71.7021792371602
-71.5632031114602
-71.3783068049621
-71.3631714304927
-71.3603747411432
-71.3559129
-71.35492
-71.4592643242692
-71.3156281632653
-71.3131083333333
-71.3013945
-71.3013945
-71.0906964705882
-71.2500017306229
-71.07798
-71.2454638378354
-71.0764425
-70.9834585900797
-70.99419
-70.9686512545923
-70.9549281818182
-70.95247
-71.369835952097
-70.7893910724673
-71.0260227
-70.9874276199184
-71.0332795519077
-71.0362316
-71.0362316
-71.0425784
-71.0395143037975
-71.0427576341622
-70.7666097
-71.1301067632496
-70.881261
-70.6186948
-70.8698053
-70.7591465174307
-70.588
-70.58909
-70.697722
-70.6927201
-70.6215148729794
-70.6312823833287
-70.48289
-70.48289
-70.48289
-70.48289
-70.48289
-70.48289
-70.48289
-70.48289
-70.48289
-70.48289
-70.6403018432287
-70.6376962355136
-70.6427026109175
-70.6487994234385
-70.4453267741936
-70.5448163333333
-70.97905
-70.389551
-70.5709043
-70.5451
-70.569478
-70.5681466
-70.569478
-70.505179
-70.5644435
-71.1948898113207
-71.201986969697
-71.0827138194299
-71.2747735
-71.44662
-71.0679344444444
-71.0744781247783
-71.51954
-71.59108
-71.6355428851706
-71.7647213911326
-71.8730028571429
-71.657925
-71.81899
-71.9981534906488
-72.108151
-72.1400908340425
-72.138353030303
-72.1671
-72.2289184745763
-72.3270711111111
-72.2526
-72.2062076
-72.0966301
-72.3737325224019
-72.3729376
-72.3777011363636
-71.9909259
-71.9578802293666
-71.977811485319
-71.9435366829968
-71.96945
-72.2360572845746
-72.6490021
-73.297736
-73.3073
-73.3086478594883
-73.324243350996
-73.3256285
-73.26176
-73.28821
-73.25271
-73.307679
-73.2464351
-73.27168
-73.28744
-73.3018316
-73.3019746988042
-73.3056965612865
-73.29182
-73.3072302
-73.3398799
-73.3432037
-73.17662
-73.3589074421809
-73.1701249439549
-73.37528
-73.1629973384919
-73.1622449116087
-73.38389
-73.38389
-73.38389
-73.164362
-73.157091
-73.1613187
-73.3816324
-73.3848
-73.38487
-73.326568
-73.32675
-73.40918
-73.4089556652276
-73.32674
-73.1194015
-73.32659
-73.451204
-73.462456
-73.4764392
-73.4299836004544
-73.45168
-73.4662565
-73.4627246
-73.4657047
-73.4249626923077
-73.4643438912785
-73.461777725949
-73.4649622
-73.4637384
-73.4438382
-73.4565256
-73.4555986226569
-73.46513
-73.4566659
-73.4623
-73.4437202
-73.4401617
-73.4368289
-73.30066
-73.992471
-73.99271
-74.3629448979592
-74.36763
-74.36158
-78.48449
-76.9796375438596
-77.1726544074036
-78.7035884
-76.0439947561284
-74.8228
-72.78204
-72.7839578
-72.7413299258857
-70.897235074148
-71.0900848375616
-71.0662806
-71.0617804
-71.0618707
-71.0557528
-71.0557528
-71.0549784
-71.1124224832215
-71.0998917
-71.1130297315436
-71.1075781818182
-71.05125
-71.05184
-71.1745
-71.0660569565217
-70.56424
-70.90314
-71.2124734859243
-71.2123636685642
-71.2191338
-71.21175
-71.22063
-71.2505411
-71.28078
-71.0806993
-71.1827743319838
-71.253402
-71.241587
-70.1683334
-70.01671
-71.0857418181818
-70.04908
-68.6433319
-68.8519263342345
-67.5476397869393
-67.5759216608634
-67.488126
-68.19159
-68.1277097
-68.2102890740741
-68.1915793548387
-68.1991451
-68.18979
-68.1814251
-66.8490826856491
-66.82142
-63.46811
-64.3315216902065
-64.1462503
-74.81943
-74.9431395833333
-78.0182739542101
-78.11597
-79.0066658333333
-79.00223
-79.2010484615385
-79.2029
-72.5198863
-72.529554
-72.2437332
-72.227071
-72.2694
-72.43974
-72.4475736712098
-72.45175
-71.8192584718687
-72.0495799
-72.33542
-72.3346885714286
-72.2574241131253
-72.2218017
-72.2239127
-72.2228897
-72.11745
-71.6165713827177
-71.6444231765331
-71.64235
-71.64885
-71.639
-71.639
-71.6397973913043
-71.9465052
-71.6404928366913
-71.6451545454545
-71.6475675613317
-71.650042
-72.1620978967252
-71.6498813514632
-71.609365
-75.84883
-80.93738
-80.9304913530085
-80.94908
-80.9413717053339
-80.9460298816568
-80.960964597829
-80.945430510575
-81.0313502368903
-80.9930954166667
-81.00675
-81.0016696544131
-81.0280557295891
-79.46608
-79.461210087138
-79.4468766666667
-79.44285
-79.44285
-84.3273139340878
-84.31709
-84.31917
-84.3188181318782
-84.3321697
-84.3332230964698
-84.3195214583807
-84.31535
-86.5374523574809
-89.3126881564245
-89.25468
-89.25468
-89.243708
-89.24738
-89.2296922580645
-89.2420590365488
-89.2319152214803
-89.2466328571429
-93.42748
-93.4027900347991
-96.5075974461028
-96.5113896
-96.6912344
-96.6912344
-96.68629
-96.6839409090909
-96.6854186676707
-96.7042429592127
-96.70138
-97.33513
-97.3899384
-97.9327448973377
-97.9325585253218
-97.9443502013423
-97.9510996
-97.933445
-97.9391371428571
-97.9556528571429
-97.94989
-98.0947476165103
-98.1016816129032
-98.10429
-98.10291
-98.12029
-98.5388885714286
-98.8959155319149
-99.66708
-99.66726
-99.66417301104
-99.6672081632653
-100.52051
-100.262493
-100.259084
-100.990034474785
-100.990970060911
-100.5998291
-100.6020267
-100.596585
-100.61458
-100.88491
-101.2397389
-100.2399584
-100.238836
-99.98286
-99.9421777777778
-99.9498796296296
-99.9618246808511
-99.9618257446809
-99.96201
-99.9694395918367
-99.9475216326531
-99.96183
-99.9614823967536
-99.74422
-99.74422
-99.2912497959184
-98.8781
-98.8781
-98.8815113
-98.9904016
-98.54796
-98.5464
-98.34445
-98.0016134
-98.0016194736842
-97.0445913793103
-97.1116357575758
-96.9849443667235
-96.0596856510867
-95.691919
-96.5188064488428
-96.39285
-96.6525667741935
-94.5633985
-96.170894
-96.8424
-96.84241
-96.8428765
-96.9594486
-97.0036049
-97.0103854545455
-96.8224852528635
-97.0338499
-96.8979677327935
-96.887616122449
-96.8756628571429
-96.9709811
-97.0197663
-97.1030639393939
-97.0672790909091
-97.0658796938775
-97.14497
-97.14487
-97.1482192047413
-97.1482192047413
-97.32664
-97.32664
-97.3266276
-97.3266212
-97.3266108333333
-97.4822859
-97.505829
-97.19501
-97.1991348077355
-97.2067505143809
-97.1997837226277
-97.1973521212121
-97.3007872330212
-97.1973265517241
-97.16767
-97.2102394736842
-97.200831
-97.18189
-97.2944966666667
-97.2732698543559
-97.3105216666667
-97.22132
-97.3135937695935
-97.30378875
-97.1279208695652
-97.2071663767613
-97.13315
-97.1692715789474
-97.1982425
-97.3985891
-97.1828428989272
-97.3099209479792
-97.14675
-97.1339875
-97.14844
-97.13554
-97.13236
-97.143296
-97.1476818181818
-97.138905
-97.1424385714286
-97.1424385714286
-97.1372810526316
-97.1381
-97.1263444444444
-97.11339
-97.28273
-97.1594473904264
-97.18977
-97.1353625806452
-97.1245830769231
-97.14489
-97.084632
-97.08243
-97.09605
-97.0560773
-97.0553778787879
-97.0599955
-97.0603622
-97.066645
-97.0684791
-97.071689
-97.0805975
-97.0683275
-97.0762533333333
-97.0847339130435
-97.1107588888889
-97.09495
-97.11512
-97.1140633355332
-97.12956
-96.8937
-96.8937
-97.09923
-97.1090885
-97.13319
-97.1147407069571
-97.1147407069571
-97.1142475
-97.1572984615385
-97.1517982261749
-97.15248
-97.1792583566706
-97.1645142432393
-97.2003896861854
-97.2028443380158
-97.2029722271877
-97.2065814255393
-97.21962
-97.2338803125
-97.41355
-97.5414592063499
-97.99222
-98.2852361
-98.289845
-98.27287
-98.3180062
-98.30409
-98.32436
-98.3315256
-98.93583
-98.77114
-98.77114
-98.7745039
-101.09424
-101.08865
-99.83879
-100.029717608696
-100.03228
-99.4788708064516
-99.4662912
-99.4643228571429
-98.9507969
-98.6754
-98.43232
-97.50632
-96.0347438
-97.3105269
-96.56284
-96.5069614
-96.9852175
-96.99387
-96.9973338
-97.60295
-97.04397
-96.5807004
-96.98299
-96.9678023736958
-96.9666633333333
-96.9656911111111
-96.96573
-96.9654675
-98.9754259
-97.42512
-97.42512
-99.5239620134228
-99.5241051006711
-99.5241051006711
-99.5239227027027
-99.5239118367347
-99.78197
-100.046240408163
-100.0314147
-100.05278
-100.05087
-100.67351
-99.4923814285714
-100.69736
-100.699916
-101.0418677
-101.0420708
-99.96582
-99.9127933333333
-99.9146714285714
-99.9151457142857
-100.81083
-100.81084
-100.810839090909
-100.5911972
-100.424488
-101.1048
-101.2560628
-101.255363877551
-100.60382
-101.85921
-101.8759927
-97.8692063881598
-97.85526
-104.012260029962
-104.01379
-101.26973
-101.2695001
-101.274276060606
-101.270451428571
-101.268797959184
-101.27446
-101.2640921
-101.548476597058
-101.55075
-101.54707
-102.962712583988
-101.263653410788
-103.83557
-105.534538823529
-105.534701666667
-105.523647413965
-105.516484693878
-104.644501084337
-104.61372
-104.572378310811
-104.61802
-104.618225
-104.5572801
-104.545688276548
-104.532809090909
-104.532518791946
-104.530153367347
-104.529913673469
-104.533114142976
-104.641287718121
-104.644061812081
-104.595195918367
-107.7751098
-107.781275
-107.87343
-109.678262857143
-110.646788947368
-110.6498
-110.647117568462
-110.6492151
-110.6614966
-110.663685717727
-110.663141111111
-110.65915
-110.677600612245
-110.70038
-110.7090993
-110.709936
-110.684936665741
-110.738941961659
-106.59625
-102.631767391304
-102.48777
-102.44929
-102.4461
-102.07839473245
-101.3528586
-105.738780363636
-106.39698
-106.56739
-106.577332486625
-106.597194418605
-106.598948367347
-106.6168
-106.620807346939
-106.620867755102
-106.6162928
-106.6405247
-106.6170027
-106.6186676
-106.63449125
-106.63562
-106.640349138511
-106.654626666667
-106.65715
-106.657103555556
-106.651996665002
-106.664867857143
-106.67082
-106.668222082441
-106.69015
-106.7057963
-106.75881
-107.05393
-105.751045022976
-105.7605987
-105.73213
-105.73213
-105.7604345
-105.762434693878
-105.7788246875
-105.758357264076
-109.1465233
-108.29756
-108.2749502
-105.90757
-108.433299038462
-110.203687906853
-110.72897636818
-111.354751919192
-110.008289492702
-110.0299043
-110.054281836735
-110.05907683765
-110.064117
-111.294420833333
-114.242374
-114.2721802
-114.285353333333
-114.3264848
-114.3270909
-114.33792
-114.3895848
-114.398839
-114.5439335
-111.30685
-111.340437842517
-111.288817766274
-111.27903
-111.302605918367
-111.286787959184
-111.267483061224
-112.792770902256
-112.793020206095
-112.799595102041
-112.79451
-112.803421764706
-113.259324615385
-113.25962
-112.7801691
-112.8331228
-112.83382
-112.825875
-112.838550816327
-112.80013
-112.7999027
-112.840622
-112.8401333
-112.8285548
-112.6173606
-113.384217559191
-113.5898382
-113.5835126
-113.768704
-113.8712036
-113.78882
-113.950162
-113.9521962
-113.977114
-113.97821
-113.98358
-113.91056
-114.05418
-114.07270209857
-114.036321862131
-114.0580467
-114.052357142857
-114.01164
-114.061437692308
-114.127251650599
-113.994319795918
-114.05412
-114.1049508
-114.0996443
-114.14168
-113.9906668
-113.988645714286
-113.9843662
-114.051773968266
-114.0947
-114.153
-114.153
-114.153
-114.153
-114.126475254627
-114.105581470588
-114.0807031
-114.0905838
-114.0914566
-113.9848303
-114.081705714286
-114.082115
-114.163809393939
-114.138355
-113.981974637766
-113.981930909091
-113.981931363636
-114.071529795918
-114.18488
-114.204701530054
-114.206446226202
-114.194500356919
-114.13194
-114.0357689
-114.05286209347
-113.958330588235
-114.229842052001
-114.219119458877
-113.98162
-114.170322775957
-114.0682243
-114.07141
-114.004076759475
-114.008434306869
-114.013451836735
-114.01347
-113.93508
-113.9473827
-113.9815278
-114.4513365
-114.466616875
-114.4692162
-114.170070579572
-114.07149
-114.071472177839
-114.07147
-114.06522
-114.068967377049
-114.06583
-114.06949
-113.976629
-114.061563860181
-113.9706125
-113.967534
-113.9604708
-113.958256918919
-114.27889
-114.894852045407
-114.92038
-115.052633225378
-115.0634307
-115.764737090909
-115.769144246662
-115.75002
-115.74819
-115.75379
-115.75379
-115.77033
-115.7527402
-117.13198
-116.8574817
-116.856428888889
-117.663084375
-117.66455
-117.666385804172
-117.65578040307
-117.653521632653
-117.65332
-117.66173
-118.43926122449
-118.467075943419
-118.438560851064
-118.43817244898
-118.4306
-119.5797888
-119.5789884
-119.58058
-119.582821234124
-119.582821234124
-119.594340612245
-119.594424183673
-119.594896610169
-119.59602
-119.5989887
-119.409135097114
-119.39589
-119.40413
-119.409450378586
-119.25953
-119.425142653061
-119.430851102443
-119.428124571642
-119.432504625887
-119.438129310345
-119.438129310345
-119.44327
-119.27224
-119.452276666667
-119.451824583333
-119.27377
-119.294740490692
-119.296735590864
-119.27377
-119.4546
-119.458211020408
-119.272641616832
-119.26239
-119.2741
-119.2689167
-119.262899263206
-119.260538058219
-119.491927142857
-119.267732429051
-119.48086
-117.35681
-118.172675714286
-118.19687
-118.197058333333
-118.1954
-116.03089
-116.02712
-116.0271172
-116.00464
-116.89872
-116.89872
-115.358664897959
-115.355099
-115.573164810161
-115.57117
-114.140643064516
-114.136501351351
-114.136501351351
-113.81609
-113.81609
-113.94155
-113.5734036
-113.7169448
-113.738773154362
-113.7331594
-113.386493283043
-113.34188
-113.569987224865
-113.568208151914
-112.86668
-112.85907
-112.85907
-112.826770204082
-112.814490787579
-113.527331051221
-113.731484
-113.4874537
-113.481721
-113.486588115663
-113.487116564814
-113.484484693878
-113.4888381
-113.574664445603
-113.4837853
-113.599860755642
-113.605921761493
-113.495668837209
-113.60755368449
-113.4999572
-113.4683504
-113.5016296
-113.486163355705
-113.481181
-113.429198947368
-113.494635800855
-113.3734096
-113.49771
-113.3689897432
-113.418304661654
-113.49764
-113.4021155
-113.4165389
-113.493686
-113.615489253731
-113.615489253731
-113.5353763
-113.5252792
-113.5242435
-113.32025
-113.580112440232
-113.535938367347
-113.615420142982
-113.30839
-113.6205327
-113.5057606
-113.642567377171
-113.5730749
-113.5730749
-113.32015
-113.524655815546
-113.64636
-113.567462244898
-113.30184
-113.30184
-113.324181387678
-113.4242241
-113.414715861638
-113.4083909
-113.464906
-113.3949136
-113.21834
-113.2118887
-113.195720025801
-113.4882365
-113.544542077921
-113.5486591
-113.5519179
-113.6080731
-113.610975352798
-113.619374157362
-113.62577930973
-113.630862733887
-113.631119787846
-113.594987
-113.594987
-113.602780204082
-113.6512711
-113.905124781126
-113.90810008105
-113.909307163241
-113.928916326531
-112.781274705882
-114.762325
-114.77153
-114.781331190716
-116.804839375
-118.78195
-118.7877333
-118.7884996
-118.789783769946
-118.79583
-118.7924815
-118.80762
-118.82011418022
-117.2898995
-118.820519
-117.337882424242
-118.823257
-118.830024193548
-118.833453279618
-118.39204
-115.687184255319
-115.669473333333
-115.6436052
-118.60507122449
-117.3379237
-114.40608
-114.369524583333
-117.14615
-116.434524242424
-119.1140219
-116.38595
-119.27241
-111.75039
-110.860708372093
-112.68
-112.68
-112.736019354839
-114.9083
-117.302106060643
-117.29875544817
-117.290444123181
-117.2978159
-117.291952244898
-117.295415102041
-117.291444285714
-119.683295381526
-119.682987575758
-119.678985625
-119.669790520445
-119.735451453933
-120.77629
-121.443282916667
-121.437963076923
-121.95753
-121.953614659593
-121.95929
-121.961757272727
-121.961757272727
-121.95878
-121.97764
-122.318189271109
-122.31914
-122.319550294118
-122.292336254092
-122.338157095083
-122.27214030303
-122.304870761905
-122.30769
-122.31232
-122.293311052632
-122.265353037975
-122.289275
-122.32353
-122.33495
-122.348949315068
-122.35169
-122.35169
-122.376944
-122.46355
-122.581708632631
-122.469131632653
-122.64373
-122.649682335057
-122.63884
-122.652896326531
-122.640394042553
-122.60166
-122.66313
-122.662791904762
-122.665305
-122.667120774017
-122.668516326531
-122.66874427544
-122.66844
-122.672867386253
-122.67327
-122.662468889218
-122.678465
-122.660543636364
-122.63316625
-122.66922
-122.666606710526
-122.723872962963
-122.695603
-122.690283987161
-122.734885102041
-122.6452047
-122.7329488
-122.7397375
-122.6538892
-122.779201956522
-122.783053079247
-122.7930892
-122.760119159385
-122.797348888889
-122.801203333333
-122.801217592593
-122.798511111111
-122.8013038
-122.8025693
-122.801231429122
-122.810651818182
-122.802782432432
-122.666638762417
-122.66479
-122.665108367347
-122.834461836735
-122.82883
-122.845591391304
-122.86786
-122.85537
-122.84569
-122.871459189189
-122.89044
-122.89044
-122.890166315789
-122.89023
-122.79864244898
-122.912593684211
-123.02409
-122.906604705882
-122.91238
-122.887301709532
-122.881297980401
-122.896891923077
-122.947822432143
-123.05962
-123.05963
-123.06865
-123.067691020408
-123.06168
-123.068796086957
-123.06858
-123.06858
-123.063086666667
-123.069026225288
-123.0871004
-123.077620681818
-122.897909494852
-123.081459880437
-123.082634848485
-123.092781788059
-123.098617645601
-123.1644575
-123.136687061263
-123.178693457944
-123.18137
-123.189767101449
-122.965891299174
-123.13656
-123.080379142857
-123.13656
-123.126589292929
-123.13144
-123.13654
-123.13667657833
-123.08304
-123.146490273384
-123.082565454545
-123.082545252525
-123.0789
-123.136335597562
-123.097273884445
-123.091133020134
-123.1137586
-123.1057085
-123.00597
-123.106656373421
-123.106567785577
-122.97902
-122.97486
-122.97902
-122.953068571429
-123.1123928
-123.1185952
-123.118505
-123.1267225
-123.1549939
-123.1577282
-123.120432727273
-123.065558139535
-123.113944
-123.132287346939
-123.134114482759
-123.116177142857
-123.107648163265
-123.114793877551
-123.102598571429
-123.1405596
-123.162446363636
-123.1562717
-123.18515
-123.133750434783
-123.16953
-123.1566034
-123.034754285714
-123.105869166667
-123.094701959799
-123.07042
-123.1018045
-123.08391
-123.06198
-123.082384832933
-123.236461818182
-123.2079283
-123.2459
-123.24843125
-123.2489408
-123.25068
-123.242192222222
-123.253647857143
-123.130241836735
-123.139490816327
-123.12042
-123.137
-123.126725510204
-123.161241020408
-123.25353634466
-123.158874897959
-123.122173913043
-123.118300408163
-123.11518
-123.11518
-123.114695102041
-123.139182368421
-123.14118
-123.1120648
-123.137712305764
-123.106994285714
-123.12213
-123.097703636364
-123.072200204082
-123.099106842105
-123.096839393939
-123.09888
-123.072394285714
-123.071020588235
-123.045369498246
-123.040486938776
-123.04049
-123.036699415545
-123.03179
-123.032225918367
-123.018404
-123.084399470171
-123.019434809088
-123.065571538462
-123.052275714286
-123.07470254902
-123.077262941176
-123.013552857143
-122.969238969332
-123.02344
-123.025533992601
-123.02373
-123.001684210526
-123.001684210526
-123.001684210526
-123.0094647927
-123.017787200713
-122.85573
-122.91076
-123.015756365874
-123.0338
-123.047028
-122.819703717551
-122.81661
-122.917445675493
-122.80296
-122.800372047752
-122.800372047752
-122.895836294203
-122.8974
-122.976896045817
-122.867667
-122.973218571429
-122.786220294118
-122.864813333333
-122.86168
-122.860918703274
-122.8792522
-122.861480991313
-122.75615
-122.858802979605
-122.752375945946
-122.841292663533
-122.757745860687
-122.834069839667
-122.744853936297
-122.73840244898
-122.939190434783
-122.879930952604
-122.9193481
-122.919645
-122.945012083333
-122.870495667434
-122.9225499
-122.901267265464
-122.946079166667
-122.909808225806
-122.952405555556
-122.837861020408
-122.915998122493
-122.88879
-122.845265952381
-122.8492004
-122.84534
-122.80381
-122.801012857143
-122.80091
-122.8009788
-122.941572040816
-122.692241538462
-122.99291225
-122.996548387097
-122.99919
-122.99919
-123.02353
-123.0429581
-123.041528571429
-123.0478524
-123.23553
-123.277095039549
-123.15242
-123.14851
-123.147129171068
-123.15485
-123.149975
-123.15055
-123.13286
-123.13512
-123.03811
-122.809779493624
-120.7891335
-120.790606255254
-120.78796
-120.3785452
-120.369740816327
-120.369740816327
-120.378974229533
-120.384871761818
-120.353936748068
-120.37255
-120.37255
-120.354303636364
-120.336527857143
-120.30567137931
-120.330657142857
-120.32961
-120.283865282831
-120.283865282831
-120.28359
-120.28359
-120.28359
-120.28359
-120.28359
-120.323174574247
-120.267008024696
-120.357719835808
-119.629622894461
-119.619024045904
-119.611463967727
-119.593064516968
-119.58194
-119.20572
-119.18421557047
-119.138619591837
-119.23595
-119.2803042
-119.28191
-119.289825187483
-119.294459494698
-119.2985924
-119.2985924
-119.30941
-116.962584
-120.038171333333
-120.086009
-120.09974166838
-119.45776
-120.1264
-120.1264
-119.395306319557
-119.686435
-122.80338
-122.783783778195
-122.778718571429
-122.7802776
-121.912820746902
-123.09452
-123.0944303125
-127.58652
-127.5861948
-122.69114
-122.6927517
-120.86063
-120.862103327462
-120.849493333333
-120.83418
-127.146599963373
-127.161046776243
-127.171981702128
-127.1705288
-127.17257
-124.1723879
-124.260265208635
-126.64384
-126.64887
-126.666885
-125.77177
-125.76113
-120.25837
-124.86072
-120.226174444444
-120.22446
-120.22413
-129.99078
-123.99554
-128.4163937
-128.52883
-128.550520294851
-128.58379
-128.589866505821
-128.59536244898
-128.599025
-122.76087
-128.594586
-128.6184662
-128.611968363636
-128.5650679
-122.785023030303
-122.7937036
-122.791784673367
-122.78223
-122.78592
-122.741686530612
-122.741686530612
-122.75793
-128.655603517588
-128.693008571429
-130.16853
-128.10655
-127.499721569543
-127.507311310863
-130.268815251454
-130.3278141
-132.1457
-126.04639
-125.27481
-125.26121
-125.25703
-125.25673
-125.25305
-125.246225321718
-125.247446969697
-124.965903030303
-124.991715797271
-124.99017157858
-124.995315598249
-124.981195151515
-124.976925479452
-124.518232075386
-124.520696521739
-124.520695072464
-124.52057
-122.32458
-121.9283089
-124.867126212008
-125.54523
-124.02136
-124.021759743454
-123.75911
-123.7547643
-123.709944615385
-123.709870579588
-123.51888
-123.527457757814
-124.441705294118
-124.4446964
-124.344395667425
-124.323202104236
-124.368952312172
-124.36044
-124.31684
-124.3054654
-124.30535875
-124.30535875
-124.789660865719
-124.78656
-124.78656
-124.786359062009
-124.786158124018
-124.803559615385
-124.80953
-124.805323333333
-124.807637959184
-124.976236097141
-124.92288
-124.033461157071
-124.004050909091
-124.004478787879
-124.02571
-124.000803512682
-124.00159
-124.00159
-124.03868
-124.038911611166
-124.047213224844
-123.967934545455
-124.05033
-124.04613
-123.9468043
-123.93701
-123.936501865829
-123.831990606061
-123.816657777778
-123.81133
-123.7827258
-123.726436470588
-123.71565
-123.717185355087
-123.7171885
-123.70863
-123.70328
-123.703860263158
-123.69885
-123.69885
-123.5171925
-123.510576124693
-123.499516627527
-123.59193662295
-123.59478843315
-123.595806583527
-123.343016383524
-123.5408023
-123.45901
-123.416888684211
-123.498103478261
-123.505185529059
-123.412385952124
-123.415818367347
-123.401773448276
-123.401917586207
-123.38664
-123.39455
-123.5059325
-123.38163
-123.498231724138
-123.517416896552
-123.380208461538
-123.395205350845
-123.516829532605
-123.388751538462
-123.504971932491
-123.50473
-123.47025
-123.425655102041
-123.393928571429
-123.36459
-123.386120769231
-123.4029
-123.374877593914
-123.37424
-123.376901428571
-123.400186938776
-123.414526666667
-123.40962
-123.32966
-123.37515
-123.332640060021
-123.36658
-123.369474827586
-123.35771
-123.373120483553
-123.381988755905
-123.371305416301
-123.365773265306
-123.366834285714
-123.358161632653
-123.367239332708
-123.333246666667
-123.337387471466
-123.31583
-123.325553125
-123.366333571429
-123.32244
-123.3735525
-123.358976326531
-123.364557755102
-123.365264955057
-123.363702857143
-123.352608787879
-123.36522
-123.338963684211
-123.32179
-123.334413333333
-123.700821565075
-123.719620386789
-124.05152
-125.90762
-135.05961877551
-135.08220150471
-135.07096606275
-135.07239
-122.732023084112
-122.75793
-122.77015
-122.729607142857
-122.782763939394
-122.77235
-121.2852643
-121.31956
-121.2961542
-122.13212
-122.14305
-122.143532653061
-122.145437346939
-119.690331428571
-120.33686
-120.3592851
-120.361911559529
-120.36189
-122.337787025366
-122.337379808664
-122.338168596491
-122.343139512195
-122.464946122449
-122.441819108467
-122.461129002309
-122.481367398142
-122.48618
-122.486
