46.817662
46.8079292
46.8061014
46.7967063
46.7967063
46.7963976
46.8225102
46.8225102
46.7950777
46.7950777
46.7920166
46.851715
46.851715
46.792582
46.7982788
46.7969636
46.8434388
46.792028
46.8001632
46.8605273
46.848636
46.8472789
46.8682714
46.7795265
46.7792486
46.7792486
46.7834744
46.7834744
46.799985
46.7818469
46.8164059
46.8452322
46.871904
46.7791941
46.7800449
46.772483
46.8310776
46.7517448
46.7719636
46.8666916
46.7694731
46.8504357
46.8127063
46.7693961
46.7677688
46.8062257
46.8868641
46.7852883
46.7652145
46.8639249
46.819915
46.7240021
46.8238064
46.9012508
46.8201992
46.8564674
46.7809281
46.8236444
46.892075
46.7637467
46.7598193
46.8301922
46.936729
46.6796664
46.8776881
46.9743676
46.5872005
46.9975803
46.8968219
46.6297444
46.6259441
47.0286158
47.041627
46.7349879
46.7522588
46.7522588
46.9225255
46.9022026
46.4675311
46.5510172
46.4513402
46.5387127
46.4442503
46.4442503
47.1294839
46.4072459
46.9187026
46.876915
46.8891366
46.976367
47.1596853
46.9785435
46.9810923
46.9810923
46.9810923
46.9797307
46.6924426
46.4687178
46.4687178
46.7759805
46.371097
46.6581491
46.7767363
47.031363
46.728805
46.6788914
46.8319022
46.4554471
46.4864288
46.2264106
47.0932562
46.5085761
46.5782641
46.5486372
46.5479517
46.8061184
46.1433492
46.1113821
46.3662803
46.2215927
46.2181686
46.2196214
46.7923538
46.7460536
46.0967343
46.095626
46.4332226
46.5688
46.4679964
46.5029435
46.508771
47.437883
46.8773891
47.2153806
46.1338968
46.1312231
46.1323405
46.1323405
46.130579
46.1300842
46.060276
46.0590024
46.1271956
46.1271956
46.2128391
46.1148584
46.1140251
46.1140251
46.8425803
46.5669449
46.7383049
47.4150601
46.532402
46.3248324
46.6959161
46.406141
46.4777011
46.7259687
46.0937516
47.5341389
47.3057906
45.9616514
45.9616514
45.9613339
45.9569151
45.9569151
46.783191
46.0811457
46.0811457
46.0604277
46.5616662
47.05732
45.9062086
45.9062086
46.0579277
46.0553506
45.9033697
45.8937136
46.73283
47.0228704
46.0516834
46.169931
46.3486391
47.3644264
47.3648759
46.666217
46.666217
46.960616
47.3799233
46.0144106
46.4058141
46.3037405
46.1142493
46.1661522
46.1644379
46.0030877
46.069424
45.9484328
45.9484328
46.3773198
46.3423871
45.9316667
46.6853485
46.2728518
46.2728518
46.4875883
46.347309
46.355143
46.346911
46.346911
46.3265425
46.3287577
46.3563635
46.2948769
46.3402489
46.319186
46.319186
45.8174307
46.330947
46.1091366
46.5662735
46.3212283
46.5523633
46.5638039
46.5618559
45.993044
46.5413834
47.6541672
45.7523593
47.6501923
47.6501923
47.690573
47.690573
46.2362327
45.8560132
46.4297976
46.4363131
46.2239127
47.7362331
46.081774
46.2895808
46.2895808
45.7802965
45.7715073
45.7334891
47.5288266
45.6818922
45.6949586
47.4645754
46.0511025
45.5948107
45.5948107
47.4357882
46.1378964
47.4409591
45.5801342
45.9171535
45.8839318
45.8839318
45.8994483
45.9001632
45.8781228
45.8934536
45.8945587
45.8643463
45.8881467
45.8647806
45.663824
45.517861
46.2556314
46.264233
46.0725003
45.6058263
45.4835922
45.4835922
47.8431869
45.4834262
45.4834262
46.2305712
47.6826081
45.956204
45.4467373
46.1913549
45.4117866
47.4759872
45.3937612
47.460897
45.3938413
45.4033234
45.4024013
45.4029646
47.8233277
47.8240255
47.8250221
47.8260205
45.396429
47.8245925
47.830717
46.03918
46.0358303
46.817662
46.8079292
46.8061014
46.7967063
46.7967063
46.7963976
46.8225102
46.8225102
46.7950777
46.7950777
46.7920166
46.851715
46.851715
46.792582
46.7982788
46.7969636
46.8434388
46.792028
46.8001632
46.8605273
46.848636
46.8472789
46.8682714
46.7795265
46.7792486
46.7792486
46.7834744
46.7834744
46.799985
46.7818469
46.8164059
46.8452322
46.871904
46.7791941
46.7800449
46.772483
46.8310776
46.7517448
46.7719636
46.8666916
46.7694731
46.8504357
46.8127063
46.7693961
46.7677688
46.8062257
46.8868641
46.7852883
46.7652145
46.8639249
46.819915
46.7240021
46.8238064
46.9012508
46.8201992
46.8564674
46.7809281
46.8236444
46.892075
46.7637467
46.7598193
46.8301922
46.936729
46.6796664
46.8776881
46.9743676
46.5872005
46.9975803
46.8968219
46.6297444
46.6259441
47.0286158
47.041627
46.7349879
46.7522588
46.7522588
46.9225255
46.9022026
46.4675311
46.5510172
46.4513402
46.5387127
46.4442503
46.4442503
47.1294839
46.4072459
46.9187026
46.876915
46.8891366
46.976367
47.1596853
46.9785435
46.9810923
46.9810923
46.9810923
46.9797307
46.6924426
46.4687178
46.4687178
46.7759805
46.371097
46.6581491
46.7767363
47.031363
46.728805
46.6788914
46.8319022
46.4554471
46.4864288
46.2264106
47.0932562
46.5085761
46.5782641
46.5486372
46.5479517
46.8061184
46.1433492
46.1113821
46.3662803
46.2215927
46.2181686
46.2196214
46.7923538
46.7460536
46.0967343
46.095626
46.4332226
46.5688
46.4679964
46.5029435
46.508771
47.437883
46.8773891
47.2153806
46.1338968
46.1312231
46.1323405
46.1323405
46.130579
46.1300842
46.060276
46.0590024
46.1271956
46.1271956
46.2128391
46.1148584
46.1140251
46.1140251
46.8425803
46.5669449
46.7383049
47.4150601
46.532402
46.3248324
46.6959161
46.406141
46.4777011
46.7259687
46.0937516
47.5341389
47.3057906
45.9616514
45.9616514
45.9613339
45.9569151
45.9569151
46.783191
46.0811457
46.0811457
46.0604277
46.5616662
47.05732
45.9062086
45.9062086
46.0579277
46.0553506
45.9033697
45.8937136
46.73283
47.0228704
46.0516834
46.169931
46.3486391
47.3644264
47.3648759
46.666217
46.666217
46.960616
47.3799233
46.0144106
46.4058141
46.3037405
46.1142493
46.1661522
46.1644379
46.0030877
46.069424
45.9484328
45.9484328
46.3773198
46.3423871
45.9316667
46.6853485
46.2728518
46.2728518
46.4875883
46.347309
46.355143
46.346911
46.346911
46.3265425
46.3287577
46.3563635
46.2948769
46.3402489
46.319186
46.319186
45.8174307
46.330947
46.1091366
46.5662735
46.3212283
46.5523633
46.5638039
46.5618559
45.993044
46.5413834
47.6541672
45.7523593
47.6501923
47.6501923
47.690573
47.690573
46.2362327
45.8560132
46.4297976
46.4363131
46.2239127
47.7362331
46.081774
46.2895808
46.2895808
45.7802965
45.7715073
45.7334891
47.5288266
45.6818922
45.6949586
47.4645754
46.0511025
45.5948107
45.5948107
47.4357882
46.1378964
47.4409591
45.5801342
45.9171535
45.8839318
45.8839318
45.8994483
45.9001632
45.8781228
45.8934536
45.8945587
45.8643463
45.8881467
45.8647806
45.663824
45.517861
46.2556314
46.264233
46.0725003
45.6058263
45.4835922
45.4835922
47.8431869
45.4834262
45.4834262
46.2305712
47.6826081
45.956204
45.4467373
46.1913549
45.4117866
47.4759872
45.3937612
47.460897
45.3938413
45.4033234
45.4024013
45.4029646
47.8233277
47.8240255
47.8250221
47.8260205
45.396429
47.8245925
47.830717
46.03918
46.0358303
46.817662
46.8079292
46.8061014
46.7967063
46.7967063
46.7963976
46.8225102
46.8225102
46.7950777
46.7950777
46.7920166
46.851715
46.851715
46.792582
46.7982788
46.7969636
46.8434388
46.792028
46.8001632
46.8605273
46.848636
46.8472789
46.8682714
46.7795265
46.7792486
46.7792486
46.7834744
46.7834744
46.799985
46.7818469
46.8164059
46.8452322
46.871904
46.7791941
46.7800449
46.772483
46.8310776
46.7517448
46.7719636
46.8666916
46.7694731
46.8504357
46.8127063
46.7693961
46.7677688
46.8062257
46.8868641
46.7852883
46.7652145
46.8639249
46.819915
46.7240021
46.8238064
46.9012508
46.8201992
46.8564674
46.7809281
46.8236444
46.892075
46.7637467
46.7598193
46.8301922
46.936729
46.6796664
46.8776881
46.9743676
46.5872005
46.9975803
46.8968219
46.6297444
46.6259441
47.0286158
47.041627
46.7349879
46.7522588
46.7522588
46.9225255
46.9022026
46.4675311
46.5510172
46.4513402
46.5387127
46.4442503
46.4442503
47.1294839
46.4072459
46.9187026
46.876915
46.8891366
46.976367
47.1596853
46.9785435
46.9810923
46.9810923
46.9810923
46.9797307
46.6924426
46.4687178
46.4687178
46.7759805
46.371097
46.6581491
46.7767363
47.031363
46.728805
46.6788914
46.8319022
46.4554471
46.4864288
46.2264106
47.0932562
46.5085761
46.5782641
46.5486372
46.5479517
46.8061184
46.1433492
46.1113821
46.3662803
46.2215927
46.2181686
46.2196214
46.7923538
46.7460536
46.0967343
46.095626
46.4332226
46.5688
46.4679964
46.5029435
46.508771
47.437883
46.8773891
47.2153806
46.1338968
46.1312231
46.1323405
46.1323405
46.130579
46.1300842
46.060276
46.0590024
46.1271956
46.1271956
46.2128391
46.1148584
46.1140251
46.1140251
46.8425803
46.5669449
46.7383049
47.4150601
46.532402
46.3248324
46.6959161
46.406141
46.4777011
46.7259687
46.0937516
47.5341389
47.3057906
45.9616514
45.9616514
45.9613339
45.9569151
45.9569151
46.783191
46.0811457
46.0811457
46.0604277
46.5616662
47.05732
45.9062086
45.9062086
46.0579277
46.0553506
45.9033697
45.8937136
46.73283
47.0228704
46.0516834
46.169931
46.3486391
47.3644264
47.3648759
46.666217
46.666217
46.960616
47.3799233
46.0144106
46.4058141
46.3037405
46.1142493
46.1661522
46.1644379
46.0030877
46.069424
45.9484328
45.9484328
46.3773198
46.3423871
45.9316667
46.6853485
46.2728518
46.2728518
46.4875883
46.347309
46.355143
46.346911
46.346911
46.3265425
46.3287577
46.3563635
46.2948769
46.3402489
46.319186
46.319186
45.8174307
46.330947
46.1091366
46.5662735
46.3212283
46.5523633
46.5638039
46.5618559
45.993044
46.5413834
47.6541672
45.7523593
47.6501923
47.6501923
47.690573
47.690573
46.2362327
45.8560132
46.4297976
46.4363131
46.2239127
47.7362331
46.081774
46.2895808
46.2895808
45.7802965
45.7715073
45.7334891
47.5288266
45.6818922
45.6949586
47.4645754
46.0511025
45.5948107
45.5948107
47.4357882
46.1378964
47.4409591
45.5801342
45.9171535
45.8839318
45.8839318
45.8994483
45.9001632
45.8781228
45.8934536
45.8945587
45.8643463
45.8881467
45.8647806
45.663824
45.517861
46.2556314
46.264233
46.0725003
45.6058263
45.4835922
45.4835922
47.8431869
45.4834262
45.4834262
46.2305712
47.6826081
45.956204
45.4467373
46.1913549
45.4117866
47.4759872
45.3937612
47.460897
45.3938413
45.4033234
45.4024013
45.4029646
47.8233277
47.8240255
47.8250221
47.8260205
45.396429
47.8245925
47.830717
46.03918
46.0358303
45.3938413
45.3937612
45.4117866
45.3795458
45.3795458
45.4467373
45.4033234
45.4024013
45.387857
45.396429
45.4029646
45.3760171
45.2753388
45.4835922
45.4835922
45.4834262
45.4834262
45.2759208
45.2758369
45.2677506
45.3076548
45.2668695
45.6058263
45.517861
45.1330919
45.1329012
45.1324754
45.1281449
45.1281449
45.6949586
45.097423
45.6818922
45.663824
45.4863544
45.7334891
45.7715073
45.7802965
45.7523593
45.0072425
45.8174307
45.3558721
45.8560132
45.5712742
45.2137475
45.0579615
45.2438503
45.9316667
45.3148425
45.9484328
45.9484328
45.3082446
45.3946177
45.106182
45.4148427
45.4181008
45.8937136
45.4150486
46.0030877
45.8643463
45.9033697
46.0144106
45.3833352
45.8647806
45.8781228
45.993044
45.8839318
45.8839318
46.0553506
46.0516834
46.0579277
45.8881467
46.0604277
45.8934536
45.8945587
45.8994483
45.9001632
45.9171535
45.1896517
45.1896517
46.0811457
46.0811457
45.437347
46.069424
45.5948107
45.5948107
45.5801342
45.9062086
45.9062086
45.3597729
46.1142493
45.6196311
45.2881297
45.6196576
45.6196576
46.1091366
45.6210097
46.081774
46.095626
45.6373636
45.4150701
45.6396978
46.0967343
46.169931
46.2181686
46.2196214
46.1113821
46.1644379
46.2215927
46.1661522
45.648983
45.1261818
46.0511025
45.4440134
45.3915938
45.9569151
45.9569151
45.9616514
45.9616514
45.9613339
45.956204
45.4354647
45.5736047
46.0590024
46.060276
46.0725003
46.1378964
45.5925877
45.573406
45.30411
45.5608698
45.5628976
46.3248324
45.57938
45.6835785
45.4443705
45.443731
45.443731
46.2239127
46.3662803
45.4839596
45.7863203
46.2728518
46.2728518
46.2362327
45.3374559
45.3115473
45.4340378
45.329944
45.3295313
45.5080343
45.4465632
45.4465632
46.3037405
45.3213879
45.321534
45.3190011
46.1433492
46.2948769
45.8920556
46.3486391
45.5752837
45.5752837
45.5865542
46.319186
46.319186
46.406141
46.3265425
45.5180968
46.3287577
46.4332226
46.2895808
46.2895808
46.3423871
46.3212283
45.5000612
46.330947
46.0232763
46.4554471
45.8457882
45.50947
46.3402489
46.0358303
46.03918
46.347309
46.346911
46.346911
46.355143
45.4945042
45.4942286
45.4530402
46.3563635
45.649917
46.3773198
45.572018
46.4679964
45.193937
45.2741688
45.9546252
46.4864288
45.8784006
45.4390436
46.0652616
45.0735401
45.45169
46.4072459
46.4058141
46.1312231
46.1300842
46.130579
46.1338968
45.427813
45.4634417
46.1323405
46.1323405
45.1823377
46.1271956
46.1271956
46.1140251
46.1140251
45.4851885
46.1148584
45.4274301
45.4860899
45.538096
45.4565423
45.4565423
45.6011946
46.5085761
45.5213891
45.436484
45.4715857
45.4715857
45.5222297
45.6689256
45.5232769
45.6132845
46.4777011
45.3569439
45.8098419
45.492456
45.5655036
45.5655036
46.2264106
45.4938086
45.9758198
46.508771
46.2556314
45.3993576
45.5657722
46.0838917
46.077649
45.533081
45.4934553
46.264233
45.5581765
46.2305712
45.7362046
45.5017521
45.3948138
45.3692136
45.3108075
46.0899782
45.5360152
45.5287746
46.0937516
45.8344341
46.5387127
45.7425868
45.7881749
45.524863
45.524863
45.5248602
45.5248602
45.3734745
46.5479517
46.5486372
45.7495187
45.6423974
45.4681014
45.594277
46.5510172
45.6275074
46.1913549
45.7563613
45.4675492
45.7210628
45.550617
46.532402
45.5905577
45.5241071
45.7580433
45.3844334
45.5820434
45.5787742
45.507119
45.4970659
45.5596023
45.824788
45.5766117
45.4943114
45.5019855
45.5019855
45.5024766
45.5015101
45.5006913
45.5010146
45.5019318
45.4984362
45.4983339
45.5051276
45.5041009
45.5041009
45.5023402
45.5025534
45.5025534
45.5045579
45.502246
45.4974973
45.5038266
45.5065086
45.4987433
45.5061379
45.5047546
45.5076071
45.5076071
45.5076071
45.508659
45.5087977
45.4949129
45.4951636
45.5091382
45.5038145
45.5038145
45.4970659
45.493704
45.493124
45.4943114
45.4969265
45.507119
45.4972727
45.4953688
45.4934673
45.4952779
45.5112197
45.5112197
45.512765
45.5132394
45.5146176
45.5161422
45.4970513
45.5193507
45.51949
45.4889878
45.48823
45.487238
45.487238
45.5241071
45.525742
45.5194828
45.5194828
45.5299583
45.478393
45.478393
45.5088535
45.510392
45.527108
45.5329459
45.5027205
45.5010087
45.5041639
45.5220347
45.53737
45.4983621
45.497399
45.4675492
45.5340579
45.4733308
45.4733308
45.5036701
45.4757081
45.5017521
45.4681014
45.5248602
45.5248602
45.4745815
45.5032186
45.524863
45.524863
45.4611769
45.46607
45.508551
45.5356561
45.5219227
45.5287746
45.5299706
45.4934553
45.5468316
45.5393554
45.5503814
45.4815549
45.5029798
45.5350042
45.5392086
45.5392086
45.550452
45.5036307
45.551681
45.5453064
45.5360152
45.550617
45.5002152
45.5576037
45.4707928
45.4642483
45.5596023
45.5429333
45.4938086
45.533081
45.492456
45.5514826
45.4479126
45.527778
45.48536
45.48536
45.44708
45.445738
45.4557971
45.5665938
45.5320243
45.54303
45.4434334
45.5580873
45.4471208
45.5342104
45.4365531
45.5529232
45.4877106
45.4860899
45.5232769
45.4715857
45.4715857
45.5222297
45.4420703
45.5583826
45.4851885
45.5213891
45.5581765
45.5766117
45.4728003
45.4728003
45.5118285
45.5787742
45.5511605
45.5825952
45.5820434
45.4320038
45.4565423
45.4565423
45.538096
45.5398852
45.4398403
45.5143342
45.5891873
45.4634417
45.5657722
45.443534
45.5568401
45.4830811
45.5905577
45.51584
45.5745039
45.436484
45.5655036
45.5655036
45.5955151
45.4986251
45.4986251
45.594277
45.600578
45.4937089
45.45169
45.4009337
45.4000636
45.5909838
45.4274301
45.455018
45.6011598
45.599485
45.6055528
45.556672
45.488976
45.427813
45.5681775
45.5734284
45.610615
45.4390436
45.6049204
45.6116472
45.3948138
45.4942286
45.4945042
45.5901185
45.3993576
45.5740828
45.459825
45.459825
45.3844334
45.5111241
45.605415
45.4530402
45.410785
45.558749
45.4696804
45.494594
45.581892
45.562201
45.5762974
45.5626616
45.5634723
45.607322
45.50947
45.6275074
45.3734745
45.6011946
45.572018
45.5000612
45.4392951
45.4449959
45.3692136
45.6398378
45.6132845
45.3631207
45.4800683
45.4800683
45.6122467
45.6033723
45.6127302
45.5778933
45.5778933
45.5893046
45.5180968
45.6478867
45.6423974
45.60678
45.582752
45.5251698
45.5335616
45.3569439
45.484171
45.4831172
45.485149
45.4940646
45.353462
45.6196602
45.6212591
45.3500548
45.3500548
45.5061082
45.5930917
45.4501878
45.6279494
45.3602316
45.5752837
45.5752837
45.4625461
45.462834
45.4680016
45.5865542
45.5733593
45.5733593
45.615241
45.6689256
45.4632122
45.3108075
45.649917
45.5080343
45.52406
45.4465632
45.4465632
45.4837073
45.625016
45.4320548
45.702913
45.7074885
45.3272805
45.7099745
45.4615942
45.66516
45.459077
45.6293016
45.7129249
45.4732807
45.4839596
45.4340378
45.4944563
45.552155
45.3064764
45.632589
45.6306724
45.7179219
45.1280673
45.232407
45.2533991
45.2714242
45.2723596
45.2685274
45.2976691
45.1070038
45.3100316
45.2429657
45.3806518
45.366389
45.366389
45.382004
45.3920311
45.2612488
45.4019111
45.4179617
45.4076317
45.3868138
45.3881994
45.388288
45.4070047
45.3445736
45.4173426
45.4199031
45.4715152
45.3272805
45.3064764
45.4288866
45.4288866
45.3602316
45.4320548
45.3500548
45.3500548
45.2614988
45.2621007
45.459077
45.4989524
45.353462
45.4615942
45.4732807
45.5278687
45.4501878
45.4632122
45.462834
45.4625461
45.4680016
45.518075
45.4837073
45.4944563
45.4392951
45.4449959
45.410785
45.485149
45.532237
45.4831172
45.484171
45.4940646
45.5061082
45.4800683
45.4800683
45.5408587
45.4696804
45.459825
45.459825
45.52406
45.455018
45.5593082
45.443534
45.494594
45.4398403
45.3631207
45.552155
45.488976
45.4320038
45.3108075
45.5251698
45.4830811
45.4009337
45.4420703
45.4937089
45.5335616
45.5783053
45.5111241
45.4728003
45.4728003
45.3844334
45.4000636
45.4471208
45.4986251
45.4986251
45.4557971
45.4434334
45.4365531
45.445738
45.44708
45.4479126
45.4877106
45.3734745
45.4642483
45.1823377
45.5963692
45.4707928
45.48536
45.48536
45.3692136
45.51584
45.5143342
45.5733593
45.5733593
45.4815549
45.5118285
45.3948138
45.5002152
45.4745815
45.46607
45.4757081
45.193937
45.4733308
45.4733308
45.3569439
45.5036307
45.5029798
45.2741688
45.478393
45.478393
45.6366227
45.6504156
45.497399
45.4983621
45.4611769
45.5032186
45.5626616
45.0735401
45.558749
45.5634723
45.5036701
45.6502858
45.6502858
45.5010087
45.562201
45.508551
45.3993576
45.5398852
45.5027205
45.5041639
45.487238
45.487238
45.5930917
45.527778
45.556672
45.48823
45.5778933
45.5778933
45.5320243
45.4889878
45.5342104
45.5088535
45.582752
45.510392
45.4970513
45.4675492
45.6523632
45.5219227
45.62446
45.4952779
45.4953688
45.4934673
45.4969265
45.4972727
45.5762974
45.4681014
45.5568401
45.54303
45.5681775
45.5299706
45.5893046
45.5220347
45.4974973
45.5511605
45.493124
45.5038145
45.5038145
45.493704
45.4949129
45.5740828
45.4951636
45.4984362
45.5023402
45.5025534
45.5025534
45.5006913
45.5038266
45.4983339
45.4943114
45.5015101
45.5194828
45.5194828
45.5350042
45.5045579
45.615241
45.581892
45.5041009
45.5041009
45.5429333
45.6345031
45.5019855
45.5019855
45.5734284
45.5024766
45.5061379
45.5010146
45.4987433
45.5019318
45.4970659
45.5112197
45.5112197
45.5065086
45.5051276
45.625016
45.6306724
45.527108
45.6293016
45.502246
45.508659
45.5529232
45.5087977
45.5392086
45.5392086
45.632589
45.5076071
45.5076071
45.5076071
45.5047546
45.5393554
45.5356561
45.5091382
45.4274301
45.5583826
45.507119
45.5193507
45.436484
45.51949
45.525742
45.512765
45.5514826
45.5340579
45.5132394
45.5146176
45.5329459
45.5453064
45.5161422
45.427813
45.5299583
45.6033723
45.5580873
45.60678
45.6196602
45.5745039
45.6212591
45.5901185
45.6279494
45.5468316
45.5241071
45.53737
45.7038628
45.4565423
45.4565423
45.6301794
45.6127302
45.676897
45.5017521
45.4934553
45.6732043
45.4390436
45.4715857
45.4715857
45.6122467
45.5503814
45.607322
45.45169
45.5909838
45.4634417
45.5665938
45.551681
45.5248602
45.5248602
45.492456
45.524863
45.524863
45.4938086
45.605415
45.550452
45.6994273
45.4860899
45.4851885
45.5287746
45.5576037
45.550617
45.4268463
45.4284254
45.4250016
45.4417168
45.443308
45.443308
45.4550646
45.4628363
45.462865
45.4367067
45.4781016
45.4724177
45.4320516
45.4720497
45.48316
45.487152
45.4801738
45.4842573
45.5042553
45.4937503
45.3950367
45.5117374
45.5087309
45.6306268
45.5978903
45.5569432
45.5919574
45.5753265
45.5753265
45.5893722
45.6456316
45.7678306
45.8095543
45.6058504
45.897514
45.7270818
45.779495
45.8547183
45.6493819
45.646906
45.8086919
45.8832992
45.9013542
45.8956673
46.093935
45.6301794
45.9979032
46.1976371
45.8215087
46.0216663
45.9324975
45.9935955
45.6523632
45.8472717
46.376916
45.4076317
46.2554188
45.9227991
45.6502858
45.6502858
45.232407
45.2533991
45.5278687
46.1158647
45.2976691
45.866564
45.866564
45.766667
45.9571526
45.4179617
45.2714242
46.5407118
45.2723596
46.397857
46.5496671
45.741142
46.550695
46.1763265
45.4715152
45.6504156
46.412958
45.2685274
45.8945347
45.4019111
45.7038628
45.3806518
46.0451533
46.0451533
45.3920311
46.0441127
46.0427073
45.382004
46.041321
45.7335796
45.4989524
45.366389
45.366389
46.1238213
45.518075
45.9373761
46.1853453
45.3881994
45.388288
45.6366227
45.3868138
45.7568015
45.8671381
45.4070047
45.7780713
45.7689257
45.7609788
45.7873231
45.1280673
45.7939258
45.532237
46.1493265
45.4173426
45.7649462
45.5593082
45.4199031
45.7689725
45.5963692
45.5783053
45.8380312
45.5408587
45.7152564
45.6994273
45.3100316
45.922856
45.4944563
45.4732807
45.4288866
45.4288866
45.4615942
45.459077
45.552155
45.4837073
45.676897
46.0362198
45.52406
45.4320548
45.4632122
45.62446
45.6732043
45.4680016
45.462834
45.4625461
45.6345031
45.5061082
45.4501878
45.5733593
45.5733593
45.4940646
45.485149
45.3445736
45.6306724
45.632589
45.4831172
45.484171
45.6293016
45.2429657
45.625016
45.5335616
45.5251698
45.5930917
45.2612488
45.615241
45.4800683
45.4800683
46.3177701
45.6831479
46.3086866
46.102443
45.494594
45.4449959
45.582752
45.4696804
45.4392951
45.66516
45.6783845
45.6279494
45.5111241
45.5778933
45.5778933
45.6196602
45.3272805
45.6212591
45.3602316
45.5634723
45.5626616
45.5893046
45.459825
45.459825
45.488976
45.562201
45.1070038
45.558749
46.2334785
45.4937089
45.4986251
45.4986251
45.5762974
45.60678
45.455018
45.6033723
45.3064764
45.581892
45.51584
45.4830811
45.556672
45.3500548
45.3500548
45.5143342
45.353462
45.5740828
45.6127302
45.410785
45.5681775
45.5734284
45.5118285
45.6122467
45.5398852
45.4877106
45.4728003
45.4728003
45.7204145
45.443534
45.607322
45.5568401
46.0872405
45.5901185
45.4398403
45.48536
45.48536
45.5342104
45.5511605
45.5320243
45.5002152
45.527778
45.5745039
45.54303
45.605415
45.5036307
45.5029798
45.4707928
45.4557971
45.4320038
45.5529232
45.4420703
45.4815549
45.5583826
45.4471208
45.4642483
45.5909838
45.7237764
45.5429333
45.508551
45.5032186
45.5219227
45.5036701
45.7158571
45.497399
45.4983621
45.5299706
45.4434334
45.5350042
45.5514826
45.5010087
45.5041639
45.5580873
45.5027205
45.445738
45.44708
45.702913
45.4479126
45.5088535
45.510392
45.6049204
45.5392086
45.5392086
45.4745815
45.599485
45.4757081
45.5393554
45.4365531
45.5220347
45.4733308
45.4733308
45.2614988
45.2621007
45.5356561
45.5453064
45.46607
45.478393
45.478393
45.6011598
45.527108
45.5194828
45.5194828
45.7074885
48.1046514
48.0991761
48.0960195
48.097036
48.097036
48.0923822
48.436553
48.3744727
48.5648155
48.6653497
48.285527
48.6599356
48.2253883
48.2592935
48.2591744
48.2591744
48.2400623
48.2400623
48.2423739
49.052081
48.781208
47.5976901
47.3307285
47.199652
49.775651
48.6580427
46.376916
46.5496671
46.550695
46.5407118
45.9324975
45.866564
45.866564
46.093935
47.222351
49.782319
46.412958
45.8095543
46.397857
46.1976371
45.897514
46.2554188
47.902662
45.6456316
45.7678306
45.6306268
45.5978903
45.8547183
45.9013542
49.910138
45.9979032
49.9127508
45.8832992
46.0216663
45.8956673
45.779495
46.1158647
46.1763265
45.5042553
45.4720497
45.487152
45.4724177
46.68654
46.68654
45.5919574
45.462865
45.4628363
45.5893722
45.48316
45.4781016
45.8086919
45.4937503
45.4550646
45.4367067
45.5117374
45.4320516
45.4801738
45.443308
45.443308
45.4842573
45.5753265
45.5753265
45.5087309
45.4417168
45.9935955
45.5569432
46.3177701
45.3950367
45.7270818
46.3086866
45.4284254
45.4268463
46.1853453
45.4250016
45.6058504
46.1238213
46.1493265
46.5662505
45.6493819
45.9227991
46.2334785
46.0451533
46.0451533
46.0441127
45.646906
46.0427073
46.041321
45.8215087
45.9571526
45.8472717
46.102443
46.0362198
46.2752655
45.6301794
45.8945347
45.9373761
46.0872405
46.3212507
45.766667
45.922856
45.8671381
46.185619
45.6523632
46.2196716
45.6502858
45.6502858
47.4409591
45.741142
47.4357882
45.8380312
46.2323054
47.4645754
45.7939258
45.7873231
45.7780713
45.7689257
46.0344722
46.1183403
45.7609788
45.7568015
45.7038628
45.7335796
45.9861072
45.7649462
45.7689725
46.0087882
46.0087882
46.1366826
45.6504156
46.2740235
46.167772
45.7152564
45.5278687
46.1467431
45.6994273
48.8437431
48.6516626
45.6366227
48.6394879
45.4076317
46.0392179
45.676897
46.0385016
46.0385016
46.031404
46.033807
45.6732043
46.0070143
46.0954022
45.9633768
45.5963692
45.8308735
45.6831479
45.6345031
45.5783053
45.62446
45.4715152
45.6783845
45.7204145
45.5593082
45.518075
45.632589
45.6306724
45.4179617
45.6293016
45.66516
45.4989524
45.625016
45.532237
45.7237764
45.5408587
45.7158571
45.615241
45.8518321
45.552155
45.6279494
48.5352681
46.1913549
45.7262012
45.702913
45.723556
45.5733593
45.5733593
45.7248449
45.5930917
46.0899782
45.6212591
45.6196602
45.7129249
46.6853485
45.7099745
45.7074885
45.4019111
48.5241265
45.52406
45.2976691
46.077649
45.824788
46.0838917
45.4944563
45.3920311
45.582752
45.60678
45.9758198
45.5893046
45.3806518
45.6127302
45.6033723
45.5778933
45.5778933
46.2305712
45.232407
45.6122467
45.8344341
46.5618559
45.2533991
46.5638039
45.382004
45.4837073
45.5335616
45.4732807
46.5662735
45.5061082
48.8662993
45.607322
45.7580433
48.3302668
46.5413834
46.5523633
45.5634723
45.5762974
45.5251698
45.581892
45.4070047
45.5626616
45.7563613
48.8704306
45.7881749
45.562201
46.264233
45.4615942
45.459077
45.558749
48.8784787
46.0652616
45.7199588
45.7179219
45.3881994
45.4940646
45.388288
45.4173426
45.5740828
45.605415
45.5901185
45.4199031
45.3868138
45.7495187
46.2556314
45.7210628
45.5734284
45.366389
45.366389
45.4680016
45.4632122
45.5681775
45.485149
45.9546252
46.666217
46.666217
45.556672
45.2714242
45.6478867
45.462834
45.7425868
45.4831172
45.484171
45.8098419
45.4625461
45.6049204
45.4288866
58.1347299
58.7101548
60.023415
52.8046561
50.2156786
50.2097332
50.2097332
50.228616
50.261779
50.0347777
50.0347777
49.4789648
49.228719
49.1259919
49.3248436
49.2222328
48.9517053
49.1850021
50.2654573
48.8515813
49.2110048
49.1930863
48.8213355
48.6634357
50.252291
48.9915164
48.5343176
48.824857
48.8295325
48.4659385
48.4659385
48.941997
48.6025027
48.1724396
48.1390613
48.1546976
48.8733863
48.1031536
48.1027169
48.5078566
48.126841
48.3955428
48.0545067
48.0555984
48.3504278
48.3504278
48.3785343
48.4835507
48.2055837
48.4639559
48.4639559
48.4660109
48.4674646
48.4533936
48.0516986
48.4571056
48.4560697
48.0499062
48.0461956
48.4492105
48.449079
47.9752124
48.0601583
47.9726132
48.7384794
47.9774785
48.0325931
48.4085339
47.9327954
48.615932
48.6188086
52.8046561
48.615007
48.3513967
48.3342342
48.3037403
48.1192674
48.2425666
50.222382
47.851927
48.2296618
48.1454699
47.6833333
47.5482174
47.5482174
47.6014659
47.5892267
48.2169095
47.8352293
47.8196653
47.830717
47.8245925
47.8260205
47.8250221
47.8240255
47.8233277
48.2333333
47.8431869
47.6826081
47.460897
47.4759872
48.638031
48.638031
48.3382382
48.3361627
48.3281639
48.5250354
47.5288266
48.4527761
48.4126293
47.7362331
48.4080035
48.4043941
48.4062961
48.4038519
48.417683
48.4177538
48.3956767
48.3405126
48.3405126
48.3935847
48.3926975
47.6501923
47.6501923
47.690573
47.690573
47.6541672
48.387251
48.3867452
48.3867452
48.3481383
48.4029543
48.5413158
48.4118382
48.4100519
48.4089923
47.3799233
47.3648759
47.3644264
48.897383
48.5620243
48.5340948
48.5551445
47.5341389
48.5388489
47.3057906
47.4150601
48.8014166
48.3357959
47.437883
47.05732
47.0228704
47.2153806
46.960616
48.8784787
48.8704306
48.8662993
47.0932562
47.445707
47.031363
48.5241265
48.5352681
47.1596853
48.8437431
48.3302668
46.7383049
46.8061184
46.7923538
48.6394879
46.9797307
48.6516626
46.9810923
46.9810923
46.9810923
46.6959161
46.9785435
47.1294839
46.976367
46.8319022
46.9187026
47.041627
46.7759805
46.9225255
46.9022026
46.728805
47.0286158
46.5669449
46.9743676
46.5782641
46.5618559
46.5638039
46.5662735
46.5523633
46.5413834
46.4875883
46.6853485
46.4363131
46.4297976
46.666217
46.666217
46.5616662
46.73283
46.4058141
46.3773198
46.3563635
46.355143
46.346911
46.346911
46.347309
46.3402489
46.330947
46.3212283
46.3423871
46.3287577
46.3265425
46.7259687
46.319186
46.319186
46.783191
46.2895808
46.2895808
46.532402
46.2948769
46.4777011
46.3486391
46.3037405
46.264233
46.2728518
46.2728518
46.2556314
46.2362327
46.2239127
46.406141
46.5688
46.8425803
46.508771
46.2305712
46.7460536
46.4679964
46.5479517
46.5486372
46.1378964
46.8773891
46.1913549
46.4332226
46.3248324
46.5085761
46.1661522
46.1644379
46.0725003
46.6788914
46.4864288
46.2740235
46.081774
46.1091366
46.0511025
46.169931
46.6581491
46.4554471
46.3662803
46.7767363
46.1142493
46.0652616
46.0838917
46.6924426
46.0899782
46.077649
46.03918
46.0358303
46.0232763
45.956204
46.069424
46.167772
46.0954022
46.1467431
46.2323054
46.3212507
45.9171535
45.993044
46.1366826
45.9001632
45.8994483
45.8945587
45.8934536
45.9758198
45.8881467
45.9546252
45.8839318
45.8839318
46.8891366
45.8781228
46.2196716
46.0385016
46.0385016
46.033807
46.876915
46.031404
45.8647806
46.0392179
46.0030877
45.8643463
46.0144106
46.0516834
46.0811457
46.0811457
45.8920556
46.0070143
46.5662505
46.1183403
46.7522588
46.7522588
46.0579277
46.0553506
46.7349879
46.2196214
46.2215927
46.185619
46.0604277
46.2181686
46.2752655
45.8784006
46.5387127
45.9633768
46.5510172
45.8457882
45.9484328
45.9484328
46.68654
46.68654
45.9316667
45.7863203
46.0087882
46.0087882
46.0344722
45.8560132
45.8344341
45.8098419
47.4357882
45.8518321
47.4409591
45.824788
45.9861072
46.8968219
47.4645754
45.7881749
46.0872405
45.6835785
45.648983
45.6396978
45.6373636
45.8308735
46.8776881
45.6196311
45.7563613
45.6210097
45.6196576
45.6196576
45.7580433
45.7495187
45.7425868
46.7598193
45.7362046
46.7637467
45.7802965
46.2334785
45.7715073
46.102443
46.7809281
46.8236444
45.7210628
46.8201992
45.663824
45.7199588
46.8238064
45.7179219
45.5712742
46.819915
46.8564674
46.8062257
46.7852883
46.9975803
45.6689256
45.649917
46.8127063
46.7652145
45.5925877
46.7677688
46.7693961
46.7694731
46.7719636
45.8174307
46.8310776
46.799985
46.772483
46.7800449
46.8164059
46.7791941
46.892075
45.6949586
46.7834744
46.7834744
46.7818469
45.7248449
45.5736047
45.7262012
46.7795265
46.7792486
46.7792486
45.723556
45.57938
46.8639249
46.8504357
46.8001632
45.573406
46.3086866
46.792028
46.7969636
46.7982788
46.4072459
46.8452322
45.7129249
46.3177701
45.7099745
45.5628976
45.7074885
45.7334891
45.5608698
45.7237764
46.0362198
46.5872005
46.8472789
46.8666916
46.8225102
46.8225102
45.7158571
45.5865542
45.6058263
45.6423974
46.848636
45.702913
46.8434388
45.5752837
45.5752837
45.6132845
46.7240021
46.8061014
45.7204145
46.8079292
45.6011946
45.6275074
46.817662
45.6478867
45.6398378
46.095626
45.922856
46.8605273
46.7517448
46.851715
46.851715
45.572018
46.8682714
46.7967063
46.7967063
46.0967343
46.871904
45.610615
46.7920166
46.1113821
46.7950777
46.7950777
46.7963976
45.594277
46.792582
45.600578
46.8868641
45.4863544
45.5655036
45.5655036
45.5905577
45.26864157
45.27069125
45.30771066
45.35311
45.37061
45.372818
45.3573151
45.41309667
45.47944224
45.41309667
45.4290385
45.372818
45.37061
45.48038
45.47944224
45.4536776
45.458575
45.4290385
45.48038
45.458575
45.4536776
45.47944224
45.5921366
45.7690812
45.7690812
45.4619125
45.4619125
45.5615249
45.59917
45.59917
45.59917
45.5615249
45.5624629
45.5615249
45.56833727
45.4619125
45.56833727
45.5615249
45.59917
45.59917
45.5624629
45.56833727
45.5615249
45.4619125
45.4619125
48.9602518
48.9602518
48.9602518
47.51357389
47.50939504
47.50939504
47.51357389
47.55600848
47.61698066
47.51357389
47.50939504
47.55600848
47.61698066
44.39849754
44.64680517
44.65055791
44.64973353
45.57881822
45.36781873
45.62344276
46.26351
46.39081672
46.39081672
46.115494
46.1132
46.09199542
45.39146205
45.29044693
47.03608186
47.6401565
45.41777256
45.9007
45.9007
45.9007
45.9007
45.48389818
48.4049983
45.26864157
45.27069125
45.30771066
45.35311
45.37061
45.372818
45.3573151
45.41309667
46.50502686
46.33246
46.31296
46.54303
46.53612088
48.4135605
49.1903938
49.82467149
49.1903938
50.15600036
49.95262
49.95262
49.891493
49.88206897
49.89194
49.95262
49.891493
49.89194
49.8955207
49.85114
49.8955207
49.85114
49.88206897
49.891493
49.89194
49.88206897
49.891493
49.85114
49.8955207
49.89194
49.85114
49.85114
49.891493
49.89194
49.82467149
49.82467149
49.82467149
49.14685483
50.41182603
50.468135
50.44413306
50.47925939
50.41182603
50.305085
50.305085
50.41182603
50.305085
50.305085
49.99741368
50.0051417
50.305085
50.305085
50.41182603
50.41182603
50.468135
50.47925939
50.468135
50.47925939
50.44413306
50.44413306
50.47925939
50.468135
50.44413306
50.44413306
50.47925939
50.468135
51.20646
51.20646
51.20646
50.47925939
50.44413306
50.468135
52.11486
52.1468561
52.1581
52.12914
53.19971
53.21150772
50.47925939
52.7585908
52.12914
52.1581
52.1468561
52.11486
52.7585908
53.21150772
53.19971
52.7585908
54.43524472
53.21150772
53.19971
52.7585908
53.27583408
52.1581
52.1468561
52.12914
52.11486
50.41182603
50.305085
48.2375741
49.65543323
50.0051417
49.99741368
49.99741368
50.0051417
49.65543323
49.6987611
50.0051417
49.99741368
49.6987611
49.65543323
50.71763
50.71763
51.15904429
51.082324
51.0856
51.0856
51.0450533
51.0375972
51.05303182
51.05304273
51.01860736
50.9971387
51.15904429
51.082324
51.29540673
51.05303182
51.05304273
51.0450533
51.0375972
51.0856
51.0856
50.9980199
51.1837264
51.0856
51.0856
51.01860736
51.15904429
51.0450533
51.0375972
50.95021
50.9971387
50.9038
51.0375972
50.9980199
51.01860736
51.0450533
50.9293028
51.05304273
51.05303182
51.0856
51.0856
50.9038
50.95021
50.9293028
50.9971387
50.71763
51.01860736
50.9980199
51.0375972
50.9980199
51.05304273
51.05303182
50.9293028
51.082324
50.9971387
50.95021
51.0375972
51.0450533
50.9038
51.29540673
51.15904429
51.082324
51.05304273
51.05303182
51.29540673
50.71763
50.71763
49.52445
49.4744897
49.88266898
49.88178
50.26534449
50.2837353
50.28710069
51.1837264
51.29540673
51.0856
51.0856
51.15904429
51.01860736
51.79498676
51.0450533
51.0375972
52.20775
53.2671896
53.018
53.2671896
53.44978728
53.47717256
53.43601344
53.50168281
53.4776455
53.2671896
53.5274756
53.52361806
53.5472999
53.53294342
53.4776455
53.54127
53.5274756
53.44978728
53.47717256
53.50168281
53.5977747
53.5472999
53.54127
53.6940181
53.5977747
53.5274756
53.4776455
53.50168281
53.5472999
53.47717256
53.6009388
53.44978728
53.5977747
53.6009388
53.6208646
53.5472999
53.5274756
53.54127
53.50168281
53.53294342
53.6940181
53.52361806
53.52361806
53.53294342
53.43601344
53.5472999
53.54232
53.47717256
53.50168281
53.44978728
53.6208646
53.50168281
53.5472999
53.47717256
53.5274756
53.52361806
53.53294342
53.44978728
53.6009388
53.4776455
53.6940181
53.5977747
53.54127
53.6940181
54.43524472
55.18158277
54.14238
62.44913
54.14238
54.14238
50.0051417
49.99741368
49.13799
49.12884
49.05094
49.04626
49.13799
49.12884
49.04626
49.05094
49.11650463
49.04626
49.12884
49.05094
49.11650463
49.1041
49.11650463
49.1041
49.05665
49.22152735
49.05665
49.1041
49.11650463
49.13597636
49.05665
49.13597636
49.1041
49.05665
49.13597636
49.16656
49.17203
49.18922
49.19221
49.19887
49.21105429
49.19749
49.21105429
49.19221
49.17203
49.18922
49.16656
49.26351138
49.26656889
49.21105429
49.26351138
49.17203
49.16656
49.27969
49.19221
49.26656889
49.26351138
49.28511783
49.27969
49.2806
49.32396263
49.32409
49.32409
49.32396263
49.28511783
49.2806
49.27969
49.32409
49.32396263
49.26648185
49.28511783
49.2806
49.27789
49.24856
49.26648185
49.23569607
49.27789
49.24856
49.23569607
49.26648185
49.1874403
49.18671
49.23569607
49.24856
49.13597636
49.18671
49.1874403
49.1041
49.11650463
49.13597636
49.22152735
49.11650463
49.1041
49.18671
49.22152735
49.12884
49.11650463
49.04626
49.05094
49.18671
49.1874403
49.23569607
49.27789
49.24856
49.22152735
49.24856
49.23569607
49.19749
49.1874403
49.18671
49.19887
49.2323
49.19887
49.19749
49.26648185
49.25814
49.19221
49.18922
49.21105429
49.25814
49.2323
49.19221
49.26351138
49.18922
49.26351138
49.21105429
49.27969
49.2806
49.28511783
49.1874403
49.18671
49.13597636
49.23569607
49.27789
49.23569607
49.24856
49.22152735
49.32409
49.32396263
49.28511783
49.2806
49.27969
49.32396263
49.32409
49.28511783
49.26656889
49.27969
49.2806
49.26351138
50.66564
49.88178
49.88266898
50.28710069
50.2837353
50.26534449
50.69966
49.52445
56.24252
54.51563972
53.90989
54.51563972
50.03402
49.66773767
50.03402
49.84386493
50.03402
50.03402
50.03402
49.84386493
49.26656889
49.26607
49.66773767
49.66700872
50.03402
49.22431699
49.19062818
49.23441
49.19062818
48.77679
48.45806774
48.45415
48.44942
48.4151302
48.44942
48.45415
48.44942
48.45415
48.4151302
48.44942
48.45415
48.4151302
48.45806774
48.45415
48.44942
48.4151302
48.45806774
48.4151302
48.45415
48.44942
48.45806774
48.4151302
48.77679
48.45806774
54.51563972
60.72614898
56.24252
53.90989
52.12887102
52.12887102
48.45133027
48.79638
49.4744897
45.26864157
45.27069125
45.30771066
45.35311
45.37061
45.372818
45.3573151
45.41309667
45.27069125
45.3573151
45.0301839
45.26864157
44.6040935
44.23259
44.24266892
44.18638
43.97172
43.91057
43.91843408
43.88695
43.859581
43.84316
43.91057
44.09409625
43.80644
43.86556571
43.8511025
43.89947
43.84109024
43.95829469
43.775466
43.77976
43.75861
43.79976
43.768118
43.7984506
43.7205099
43.7854118
43.66800955
43.74221608
43.65980015
43.63927
43.62993
43.6694475
43.62303711
43.6700824
43.7984506
43.65126
43.64962615
43.65320615
43.63956828
43.67965333
43.69088
43.7110257
43.70966852
43.6700824
43.6694475
43.7292761
43.52236625
43.35680972
43.5803965
43.3357729
43.60992
43.60798
43.5417045
43.22544
43.22704
43.16936661
43.3179275
43.21863
43.24979889
43.17637697
43.23714
43.21863
43.24979889
43.01479
43.11939
43.17923407
43.10413985
43.01479
42.90886
43.01479
43.17637697
42.8461
42.86217
43.39061
43.16936661
43.40852
43.42442
43.42431643
43.56596642
43.51797
43.5417045
43.1158086
43.16936661
42.86217
43.00526
42.93690634
42.93354
42.77878
42.96328
43.01705
43.00526
43.02770449
43.03662
42.94706548
42.98041
42.98041
42.42944729
42.03375848
42.25490341
42.25490341
42.28513281
42.31242
44.57018
44.57018
44.33787808
44.41701174
44.148355
44.34876
44.28966333
44.28143
45.13275602
44.6166
45.0435188
45.33458
45.0435188
45.33458
46.31296
46.33246
46.33246
46.31296
46.50502686
46.53612088
46.54303
46.54303
46.53612088
48.4135605
48.4135605
48.4135605
48.47251323
48.47251158
48.47251323
48.47251158
45.26864157
45.27069125
45.30771066
45.35311
45.37061
45.372818
45.3573151
45.41309667
45.0287936
45.0287936
45.4536776
45.458575
45.48038
45.4290385
45.3573151
45.41309667
45.47944224
45.4061455
45.3340072
45.4523899
45.4379365
45.409729
45.3358629
45.346287
45.330019
45.4144044
45.4379365
45.4333192
45.3827919
45.4197951
45.4558462
45.4379107
45.3256352
45.4519604
45.3619503
45.2561091
45.3037093
45.4960221
45.3604251
45.3710937
45.2958157
43.6312759
43.6557327
43.691796
43.742428
43.6851471
43.652853
43.6441161
43.655899
43.653369
43.652563
43.651182
43.643266
43.67973
43.668737
43.687991
43.640178
43.692133
43.709457
43.710766
43.670115
43.6964695
43.71764394
43.655699
43.690334
43.716784
43.745444
43.733216
43.7426788
43.630842
43.702639
43.727611
43.728126
43.580477
43.578078625464364
43.60261512
43.566037
43.62504961
43.600448
43.610094
43.61420533
43.579852
43.61241097
43.639538
43.622747
43.623044
43.617578
43.522279
43.51687
43.599656
43.630842
43.667616
43.596629
43.684371
43.686646
43.690454
43.460526
43.655699
43.337343
43.339515
43.341625
43.3431478
43.352098
43.34259576
43.3534142
43.356745
43.319121
43.365233
43.307996621072604
43.379418
43.390942
43.264033
43.241817
43.256134
43.242665
43.2384445
43.23689759
43.229133
43.41459518
43.223779
43.42462448699509
43.42466344764072
43.27024
43.256134
43.264033
43.226507
43.223779
43.218567
43.213605
43.27024
43.307996621072604
43.228156
43.227479
43.241817
43.229133
43.319121
43.225548
43.188168
43.19335035
43.242665
43.2269369
43.2384445
43.23689759
43.34259576
43.337343
43.3431478
43.341625
43.176148
43.136192906229915
43.10085753741053
43.15491738707388
43.23689759
43.2384445
43.242665
43.176148
43.241817
43.229133
43.19335035
43.213605
43.188168
43.152333
43.339515
43.169251
43.223779
43.218567
43.352098
43.256134
43.337343
43.264033
43.365233
43.341625
43.226507
43.379418
42.990636
43.00803669
43.014883
42.96226422356444
43.03173
43.040837
43.042682
42.886448
43.104309
43.135902
43.104103
43.152333
43.159079
43.165136
43.166559
43.169251
42.86866736776782
43.17488801771465
43.14276904621844
43.15491738707388
43.187909
43.1891725
42.92651430963006
43.10085753741053
42.92529929
42.96069392525085
43.10085753741053
43.136192906229915
43.176148
43.19335035
43.188168
43.213605
43.23689759
43.229133
43.2384445
43.242665
43.15491738707388
43.241817
43.218567
43.223779
43.226507
43.040837
43.256134
43.228156
43.264033
43.227479
43.225548
43.00803669
43.014883
42.990636
42.96069392525085
43.10085753741053
43.136192906229915
43.176148
43.19335035
43.188168
43.213605
43.23689759
43.229133
43.2384445
43.242665
43.15491738707388
43.241817
43.218567
43.223779
43.226507
43.040837
43.256134
43.228156
43.264033
43.227479
43.225548
43.00803669
43.014883
42.990636
42.890531
42.971151
42.971151
42.849383482639865
43.003015142179585
43.05471544637893
43.12557564496282
43.139707
42.85405683
43.174232
43.1774543
42.96069392525085
43.2269369
43.225548
43.188168
43.227479
43.228156
43.176148
43.19335035
43.1999672608401
43.218567
43.226507
43.223779
43.213605
43.27024
42.999936
43.001793
43.027816
43.028618
42.935167
42.933409
43.0052748
43.029811876755936
43.104345
42.810283
42.792835
42.777137
42.958566
42.81578746393343
43.015319
43.28881148
43.172391
43.34391353
42.862311
42.862259
42.73238738525821
42.75236952945268
43.35535961
43.365789
42.433584
42.37908992997953
42.53082032025189
42.421325
42.249868245939346
42.568461
42.568461
42.60282
42.495451
42.09577044961218
42.67132949822804
42.201707
42.297848
42.324111
42.2823025
42.290103917504474
42.25949
42.337991
42.24702505486672
42.25787297
42.2424343809344
42.175044919344565
42.101900175800075
42.201707
42.05281391080853
42.971789
42.985218
42.959136
42.984573
42.936182
42.60282
43.424399
43.434562
43.428572
43.42176
43.418638
43.423541
43.482822
43.407131
43.499944
43.501484
43.5049
43.455898
43.408477
43.408511
43.4090325
43.544671
43.358378
43.55158074
43.550063
43.546318
43.565643
43.517939
43.520176
43.549429
43.55775438
43.71510047
43.69254061
43.730476
43.741998
43.690454
43.686646
43.758933
43.684371
43.667616
43.663909
43.719612
43.61420533
43.62504961
43.610094
43.599656
43.729487
43.596629
43.639538
43.870469
43.738287
43.731118
43.60261512
43.579852
43.883579
43.711866
43.365789
43.35535961
43.36911909
43.503417
43.434562
43.104345
43.5049
43.482822
43.501484
43.499944
43.34391353
43.424399
43.029811876755936
43.407131
43.28881148
43.42176
43.418638
43.428572
43.015319
43.0052748
43.001793
43.423541
43.027816
43.028618
42.999936
43.984724842364884
43.922672
43.821294
44.026026114234604
43.836718
44.162365
44.16324304341004
44.154528
44.114467
44.004298685847616
43.88969
44.21603219147744
44.098963
44.125743
43.889133
44.16570584425467
43.503417
44.318807
44.575574
44.59407336843087
44.547798
44.64365101691961
44.480221
44.38656882676517
44.743178
44.743178
44.631227
44.613583
44.47960548767628
44.491875
44.318807
44.53685226067525
44.16324304341004
44.162365
44.154528
44.21603219147744
43.892043
44.063659907945485
43.88969
44.004298685847616
44.098963
44.125743
43.727869
44.114467
44.026026114234604
43.581145
44.154528
43.172391
43.28881148
43.34391353
42.958566
42.936182
42.984573
43.104345
43.581145
42.985218
42.959136
44.381761
44.383577
44.412058
44.390286
44.337815
44.228886
44.5877776757586
44.29762294285712
44.39282494370099
44.151823
44.142408
44.609016
44.148272
44.595363
44.61475878
44.591213
44.101376
44.69853
44.700719
44.074244
44.31325
44.061737
44.734316
44.491965
44.056417
43.851004
43.839401
43.86856942
43.87336477326504
43.811252
43.854158
43.901163
43.842893
43.853625
43.840399
43.899227
43.894336
43.8273205
43.81656038
43.885983
43.793835
43.795575
43.770653
43.778822
43.759051
43.83276411
43.767966
43.75737936
43.956916
43.745444
43.859547
43.861302
43.860219
43.861942
43.843429
43.821693
43.913238
43.865599
43.86048678
43.895561
43.89266
43.96058
43.871408
43.80045
43.941571678652245
43.941969
43.984964
43.8273205
43.853625
43.854158
43.894336
43.793835
43.778822
43.899227
43.88338736576061
44.30466181
44.288733
44.329316
44.28325
44.283504
44.281196
44.186172
44.298884
44.166885
44.088382
44.332166
44.346156
44.346324
44.35409728
44.350649
43.97246
43.971934
43.971915
43.97262
43.97262
43.9632504
44.530728
44.535828
44.3185793
44.167505
44.178756972181695
44.186621
44.185947
44.1916
44.12272291438944
44.11938798518785
44.254113767175205
44.22330603105083
44.258711
44.3185793
44.057811
44.261828
44.49993368729936
44.213393
44.406868103611345
44.4876044387322
44.1841158706094
44.23266
44.232857
44.2580716
44.267174
44.24268
44.250029
44.259946
44.267992
44.267662
44.22602722
44.164920837648786
44.27635632731804
44.419934
44.1841158706094
44.213393
44.4300411422474
44.261828
44.406868103611345
44.38889961515307
44.54803184511267
44.4876044387322
44.796319
44.90189405330957
44.745757885700236
44.887029
44.84747173108918
44.88883678171111
44.98732386804948
45.087647
44.54803184511267
45.01481658592836
45.14174582671002
45.150602
44.621479186985084
44.95119307998577
45.08321794926837
44.604811
45.176245
44.592591
45.055939978517465
45.221558768718836
45.23353163747148
44.728442603926126
44.38889961515307
45.227452954263995
44.84747173108918
45.27028
44.90189405330957
45.155823
45.176245
45.087647
45.329754
45.333669
45.29450968
45.343822
45.33659804
45.357267
45.353178
45.307368
45.312183
45.26750588266793
45.26826166
45.38353169397952
45.14174582671002
45.150602
45.390126
44.796319
44.621479186985084
45.413053
45.261242
45.31377044018541
45.182626692682234
45.110788
45.18796536
45.147803
45.2623219323963
45.04551029301275
45.028956
45.46344165671069
45.26826166
45.26750588266793
45.155823
45.38008033861469
45.415846
45.413053
45.421398
45.43839465
45.390126
45.357267
45.353178
45.38353169397952
45.343822
45.333669
45.329754
45.33659804
45.42774765947124
45.454688
45.457879
45.27028
45.312183
45.29450968
45.307368
45.227452954263995
45.38008033861469
45.26750588266793
45.176245
45.26826166
45.46344165671069
45.23353163747148
45.221558768718836
45.150602
45.14174582671002
45.321239273615504
45.176245
45.087647
45.307368
45.26884615695414
45.312183
45.29450968
45.08321794926837
45.4305431
44.98732386804948
45.44278976460039
45.01481658592836
45.055939978517465
45.33659804
45.42797354655524
45.227452954263995
45.27028
45.333669
45.353178
45.343822
45.329754
44.81691551782855
44.94730538740607
44.66230421593577
44.75359073723554
44.87691696347492
44.85544289818183
45.076308761258844
44.4876044387322
44.728442603926126
45.123202090977436
45.24576636872393
45.040085
45.05357527469864
45.10394050036886
45.01869970323364
45.186453043846626
44.90768451334998
45.21602674641514
44.885637
45.093398387688694
45.246186
44.994038
45.08812660145438
45.31882521291049
45.171509154336896
45.370982
45.04920941075255
44.530728
44.535828
44.350649
44.35409728
44.346324
44.346156
44.332166
44.287718
44.346194668235505
44.31325
44.39282494370099
44.298884
44.591213
44.595363
44.885637
44.29762294285712
44.61475878
44.609016
44.11002144989749
44.099944604932325
44.329316
45.37482000752662
45.159629
45.273427
45.35482930216365
45.497202941621225
45.49112619993269
45.318033
45.311595
45.332638
45.37530235052552
45.043248
45.451589
44.998526
44.915442
45.62076121496671
45.41243040685833
45.648549
45.365895919964046
45.37482000752662
45.159629
45.273427
45.35482930216365
45.497202941621225
45.49112619993269
45.318033
45.311595
45.332638
45.37530235052552
45.043248
45.451589
44.998526
44.915442
45.62076121496671
45.41243040685833
45.648549
45.365895919964046
45.507731
45.577763000878925
45.47265128615832
45.53593427088957
45.41032151179173
45.36235302857972
45.59281011792054
45.46113901423504
45.56550608151477
45.412754
45.25265503624703
45.27271201027168
45.29469404344385
45.55419685167595
45.556131338312355
45.2153011953714
45.62580353858053
45.67092413733162
45.24576636872393
45.25480002089376
45.123202090977436
45.31882521291049
45.545455
45.79059923998089
45.16524607505595
46.30684641960131
46.314285
46.314285
46.045476125024614
45.898953716195756
45.91140639981064
45.894847003088394
45.577763000878925
45.507731
45.837412
45.59281011792054
45.53593427088957
45.79059923998089
45.78332720254533
45.84482528025569
45.62076121496671
45.623616
46.0384459477818
45.497202941621225
45.930022
45.988615
46.08102
45.451589
46.094118
45.648549
46.07775578728149
46.144315
46.19568078916757
45.49112619993269
46.216630591762716
45.974691436350135
45.58350000225286
46.12036936058586
45.41243040685833
45.980226463458436
45.873756114719335
45.74569497355725
46.246577
45.738237366849404
46.256321590140196
46.36967413
46.522062
46.52370737
46.507711
46.505395
46.502242
46.510368
46.49342900178936
46.460931
46.59608785437582
46.59926836
46.55950949675544
46.59496727120076
46.667815881216754
46.38850393
46.39312157021864
46.36967413
46.36256686303413
46.427395
46.312918
46.312733
46.326271
46.32325
46.332381
46.271716
46.377891
46.216630591762716
46.19568078916757
46.144315
46.094118
46.08102
46.20831919489548
46.3862541723159
46.0384459477818
46.07775578728149
45.988615
45.930022
46.50666334661664
46.126928091694445
46.60133659339023
46.382199
46.40151223901941
46.182449
46.190585991595555
46.27853
46.23780244949404
46.214089
46.517617
46.537322
46.543131
46.581518465658014
46.462812241216206
46.357516
46.281953155757925
46.25086146787933
46.298485
47.825013
47.88457848955055
47.727967
47.822491299842525
47.62386796667045
47.618381
47.64974917657077
47.99939891837102
47.675584
47.593198777144636
47.5221919
47.74024689788072
48.144471
48.11384975871469
47.447310772104224
47.421699641459384
47.42907437023944
48.4965876108066
48.326240187355296
48.86990906900766
47.682638839619955
47.935546
48.347093
49.612586
49.70982855867803
48.78227
49.240073
49.5040503
49.2067683
49.98092
49.17768
49.18362
49.535284
49.983983
50.150548
51.139976
52.113291
51.23085
49.842404
49.84251
49.40691
50.43692
50.2470383
49.87118
54.789661
53.813301
55.727363
49.913926
49.925633
49.888614
49.890318
49.928669
49.832118
49.904091
49.2704682
50.1230384
50.3868727
49.3856787
49.8400926
50.4221283
49.968113
49.2440864
50.6316521
49.7147338
49.8218262
49.8641855
49.4438403
50.1374933
49.181664
49.3546783
49.8819713
49.0938958
49.764297
49.827531
49.8874808
49.8963686
49.8220403
49.8916259
49.8963404
49.9525043
49.8925496
49.8819779
49.8242992
49.19037
49.5175385
50.1518799
49.906144
49.9311408
49.1342446
49.9103178
49.1450020
49.558002
49.4809474
50.860281
49.9120165
50.1365679
50.1298251
49.921741
50.274481
50.388132
51.6467614
53.2006755
50.4807194
52.1134678
52.1468561
50.4440459
52.1255592
52.1148366
52.1595036
50.4680236
50.4460215
49.6325351
55.8686269
50.8327023
52.1304303
50.4593007
51.2286297
51.7712112
52.4102687
52.1289089
49.6590388
51.6722792
52.6489222
52.6158739
51.944507
52.4428964
53.3879784
52.8593861
50.2834026
51.0692298
53.3645441
49.6445905
52.1285572
52.1285481
52.0966843
52.1635855
52.667696
51.554882
50.4484324
50.4949212
50.40709
50.4570835
50.4529972
49.5763836
53.2166456
53.1777866
51.9530259
49.7458487
52.5950587
51.4823187
53.3655307
53.59087
51.29129
50.9884103
53.5636861
52.3222574
53.5560072
48.4243981
48.4338098
48.4396478
48.4482786
48.4314879
48.4551201
48.4614025
48.4810035
48.4817932
48.4841002
48.4564627
48.4593675
48.4596579
48.4463435
48.5335417
48.4102199
48.3945513
48.6537473
48.6573861
48.7755453
48.8541283
48.8051649
48.8036393
49.0246502
48.9991103
48.4243981
48.4338098
48.4396478
48.4482786
48.4314879
48.4551201
48.4614025
48.4810035
48.4817932
48.4841002
48.4564627
48.4593675
48.4596579
48.4463435
48.5335417
48.4102199
48.3945513
48.6537473
48.6573861
48.7755453
48.8541283
48.8051649
48.8036393
49.0246502
48.9991103
49.0925234
49.123882
49.046592
49.1308742
49.0431756
49.0567257
49.1667662
49.1156049
49.1753676
49.105117
49.1371397
49.1892919
49.1349979
49.1479681
49.1434583
49.1924632
49.2021426
49.1960157
49.1041288
49.1597773
49.1534249
49.2093776
49.2117571
49.1665899
49.1979149
49.1932782
49.1112404
49.1121616
49.1087179
49.1673619
49.1163739
49.2161708
49.2012131
49.184853
49.1092452
49.2219304
49.186456
49.0891373
49.2275677
49.2291071
49.2390917
49.1917094
49.2039371
49.2665431
49.2635283
49.2604875
49.2655249
49.2648068
49.2582031
49.1915014
49.2705579
49.277146
49.2308657
49.0576294
49.2796231
49.1940261
49.2573928
49.2665321
49.235926
49.2852977
49.2702852
49.235203
49.1770533
49.2844332
49.2027761
49.2028694
49.178762
49.2067031
49.2802749
49.2804264
49.313228
49.3083589
49.3197346
49.3239764
49.3262817
49.326213
49.045508
49.3220875
49.2213814
49.2321404
49.186584
49.2778389
49.2340409
49.0499413
49.2784418
49.0166754
49.0498975
49.0494667
49.0691266
49.1293523
49.4082484
49.1344172
49.1329285
49.3078798
49.105938
49.1388399
49.1626005
49.2451765
49.6752349
49.2668021
49.237849
48.9444946
49.7989201
49.3798471
49.8444584
49.6734394
49.6954984
49.6925468
50.0874386
50.1311662
49.2852977
49.2796231
49.277146
49.2655249
49.2648068
49.2635283
49.2604875
49.2705579
49.2844332
49.3197346
49.3239764
49.313228
49.3220875
49.326213
49.3262817
49.2582031
49.3083589
49.2390917
49.2702852
49.2117571
49.2093776
49.2665321
49.2665431
49.2021426
49.1960157
49.1924632
49.1892919
49.2291071
49.2573928
49.2275677
49.2802749
49.2804264
49.2219304
49.1753676
49.2161708
49.1667662
49.1979149
49.1932782
49.1308742
49.2012131
49.123882
49.2308657
49.235926
49.2039371
49.235203
49.1665899
49.0925234
49.1597773
49.2778389
49.1479681
49.186456
49.184853
49.1917094
49.1371397
49.1534249
49.2784418
49.1434583
49.1156049
49.1349979
49.1673619
49.0246502
49.105117
49.2321404
49.4082484
49.2213814
49.1041288
49.0567257
49.1770533
49.178762
49.046592
49.0431756
49.1112404
49.1121616
49.1163739
49.1087179
49.1092452
49.186584
49.0891373
49.6752349
49.0576294
48.8541283
48.9991103
49.1293523
49.1344172
49.1329285
49.045508
49.1915014
49.1940261
49.0499413
49.0498975
49.2027761
49.2028694
49.0494667
49.2067031
49.0691266
49.2340409
49.0166754
48.8051649
48.8036393
48.7755453
48.6537473
48.6573861
49.1626005
49.1388399
49.105938
48.5335417
49.3078798
50.0874386
48.4841002
48.4817932
48.4810035
48.4614025
48.4551201
48.4482786
48.4564627
50.1311662
48.4396478
48.4596579
48.4593675
48.4338098
48.4314879
48.4243981
48.4463435
49.237849
48.4102199
48.3945513
49.7989201
50.3128095
49.8444584
49.2668021
49.2451765
49.3798471
49.6734394
49.6954984
49.6925468
50.034222
50.0306683
50.673926
48.9444946
49.4411266
50.108168
50.7191223
50.578845
50.0306683
50.034222
52.372895
49.8645713
49.8774309
49.8804526
49.8806958
49.8821095
49.895413
49.8592122
49.8428682
49.8356047
50.0547483
50.2505169
50.2582533
50.2659097
50.2745336
49.4791376
49.4754301
50.2812735
50.447822
50.550321
49.1801623
49.4411266
50.6904927
50.698799
50.108168
49.0311579
50.8179825
50.6538318
50.6546465
50.663207
50.6944513
50.7144132
50.8783165
50.9108215
50.492929
49.0323648
49.3053759
49.3798471
50.9946373
49.0982636
50.72205
49.4886985
49.237849
50.673926
49.1626005
49.1388399
49.105938
50.5124378
51.2965144
49.5266922
49.5259068
49.5089518
49.4886985
50.9946373
49.0956555
49.3053759
49.0982636
54.0583445
54.5155079
54.3206115
54.3099542
54.7727673
54.3978274
54.2297687
58.842527
55.6964264
56.2403245
56.2388759
55.7618571
52.372895
50.7191223
50.1311662
50.0874386
50.3128095
49.6752349
49.4082484
49.326213
49.3262817
49.3220875
49.3239764
49.3197346
49.313228
49.3083589
49.2844332
49.2804264
49.2802749
49.2852977
49.2778389
49.2796231
49.2784418
49.277146
49.2702852
49.2705579
49.2665321
49.2648068
49.2655249
49.2573928
49.2582031
49.2635283
49.2604875
49.2665431
50.673926
49.2390917
49.235926
49.235203
49.2308657
49.2291071
49.2275677
49.2219304
49.2161708
49.2321404
49.2117571
49.2093776
49.2039371
49.2213814
49.2012131
49.1979149
49.2021426
49.1932782
49.1960157
49.1924632
49.1917094
49.186456
49.1892919
49.184853
49.1753676
49.1665899
49.1673619
49.1667662
49.178762
49.1770533
49.1597773
49.186584
49.1534249
49.1479681
49.1434583
49.1371397
49.1349979
49.1308742
49.123882
49.1156049
49.105117
49.1163739
49.1121616
49.1112404
49.1041288
49.1087179
49.0925234
49.1092452
49.7989201
49.8444584
49.0891373
49.0567257
49.1344172
49.1293523
49.1329285
49.046592
49.0431756
49.0246502
49.0576294
49.2340409
49.1915014
49.0691266
49.2067031
49.1940261
49.2028694
49.2027761
49.045508
49.0499413
49.0498975
49.0494667
49.1626005
49.1388399
49.237849
49.0166754
49.3078798
49.105938
50.72205
49.3798471
48.9991103
48.8541283
49.6954984
49.6734394
49.6925468
50.108168
48.8051649
48.8036393
50.492929
48.7755453
49.2668021
50.034222
49.2451765
50.0306683
48.6537473
48.6573861
48.5335417
48.4841002
48.4817932
48.4810035
48.4614025
48.4551201
48.4482786
48.4564627
48.4596579
48.4593675
48.4396478
49.4411266
48.4338098
48.4314879
48.4463435
48.4243981
50.6546465
50.6538318
50.663207
48.4102199
50.6944513
50.7144132
48.3945513