46.5206800
46.6092758
46.5169083
43.4016841
43.5223577
45.3738438
43.815975
44.0427938
43.0893257
49.141145
45.353058
43.7366422
43.4196349
43.3971775
43.00338
44.55388
49.3569
49.037433
49.3569
49.649871
49.434236
49.33685
48.846931
50.171878
43.518184
43.795907
44.488052
46.8090962
49.130252
48.804296
44.766685
53.845429
49.912017
50.830712
44.736264
44.979223
44.656782
44.702976
44.670862
44.666906
46.135768
46.692362
50.63822
45.518538
51.290194
49.605442
49.182443
51.647118
49.892209
49.969205
50.779456
49.864180
49.881705
53.823528
49.103414
49.501478
50.43269
50.413081
49.671280
50.446499
54.87934
50.669525
49.899296
49.185729
49.823254
49.906034
49.835414
50.630402
50.392500
50.122899
51.277269
49.541400
50.030631
50.150368
49.983127
49.399701
49.183183
49.097358
51.14027
49.928508
50.22626
49.965559
49.355286
49.928962
50.136376
50.250559
50.886772
50.274597
49.284746
49.527949
49.835736
51.199184
50.249602
49.187621
54.789443
50.632106
49.675753
50.181480
54.769633
49.544128
49.163860
49.827457
51.075849
51.152580
49.509628
49.487709
49.760200
49.837653
49.834166
49.228066
50.911177
50.430090
51.182439
43.057736
42.866699
46.534867
48.413184
44.076788
43.00406
42.87536
42.932907
43.86
43.84
43.07
43.87
43.93
45.41
44.26
44.19
45.33
45.33
43.01
42.98
44.66
48.14
46.31
43.01
43.69
43.9
44.06
47.52
43.62
42.29
45.26
43.09
45.97
45.04
44.33
45.54
45.43
45.01
46.5
45.29
43.44
44.29
45.33
43.62
43.44
45.41
44.26
44.33
43.4
44.29
45.13
43.62
44.18
43.44
42.66
43.84
43.87
43.72
44.75
44.6
44.15
44.89
45.03
43.69
44.6
43.36
44.15
44.34
42.99
44.25
42.29
43.72
45.33
43.66
43.79
43.79
43.62
43.7
43.44
43.39
43.72
43.62
43.64
44.26
43.31
42.4
43.78
43.91926
42.77
50.102505
42.266374
42.586494
45.02
44.85
43.11
43.91
43.46
43.812511
43.756934
43.71
45.345028
44.992115
45.42
43.642907
45.234099
44.375095
43.720218
43.7
42.7929
48.726138
49.783125
45.510776
43.48
42.876091
43.91966
43.235771
44.730701
43.696418
43.892883
43.470448
43.783301
42.927061
42.962214
43.127304
46.04
44.26
46.31
44.07
44.16
44.94
44.27
43.85
43.67
43.82
43.94
44.11
43.55
44.3
43.8
43.14
44.16
43.7
43.7
43.79
43.72
43.65
44.38
44.390901
46.54
45.14
44.2
44.389681
44.476329
45.7
43.83
43.83
43.74
43.62
44.07
43.84
43.71
43.58
43.47
43.27
43
43.36
43.44
44.74
44.47
44.51
43.18
48.44
42.09
45.06
43.24
44.22
43.64
45.1
44.51
45.33
44.83
45.08
45.46
44.9
44.96
44.53
45.48
44.56
44.4
44.74
45.02
44.45
44.27
44.08
44.09
42.05
44.59
43.97
46.5
42.31
44.17
43.768
43.2386
44.014609
42.85985
44.01461
44.56
43.194317
45.34
44.29
43.01
43.62
43.72
42.99
43.68
43.79
44.320743
43.14721
43.067568
44.15
45.532503
44.582184
44.492382
43.469521
42.86
45.594444
44.529116
44.630299
44.918267
43.957681
44.311673
43.043573
42.090641
46.425913
42.859848
42.88666
43.359164
43.238599
49.688968
44.92
44.37
44.33
43.525465
40.086938
43.152732
43.995695
43.32513
45.021935
44.790489
43.59782
43.62
43.767998
43.198933
43.689698
43.69
42.9
43.370691
43.74
42.88
49.77
47.5
45.55
43.87
49.4
42.94
45.26
43.95
43.16
43.72
43.72
42.04
43.24
42.78
43.01
43.84
44.08
43.44
43.24
44.42
44.13
44.34
42.56
44.49
43.41
42.85
44.92
44
43.87
43.56
45.03
43.4
43.43
43.72
44.18
43.72
43.72
43.62
44.06
43.72
46.5
43.72
43.4
43.24
43.86
43.67
44.35
47.089894
44.697236
45.33105
49.19912
54.775587
49.130874
52.886688
44.697236
49.060728
55.868627
55.333958
49.024866
51.525765
47.029571
54.397641
49.162455
52.127738
46.284663
50.403572
50.834284
49.280426
47.534414
56.805377
52.121891
45.299302
54.225044
52.372128
51.322708
46.430968
49.11124
49.202145
49.2310098
49.098057
48.944813
49.88044
49.092525
49.509174
49.637009
49.719872
48.803104
49.859219
49.069014
46.806297
46.445408
46.461678
46.275616
46.359062
46.007072
50.550321
48.950704
49.10591
47.519135
55.93803
53.253178
50.720823
49.243031
49.459999
55.143227
49.790001
49.179272
49.09
58.799999
50.210098
49.490002
50.608818
49.948971
54.713967
50.68515
49.209999
50.880001
49.59
49.596367
49.242134
49.180161
49.308823
49.485638
52.971649
49.059349
49.718971
50.289341
50.089836
52.131691
50.321716
48.849998
49.110001
50.910824
49.16
56.24551
49.131813
49.258762
49.876682
48.442856
49.156021
49.248295
49.217979
49.051222
49.277145
49.151581
49.38039
50.684829
49.129143
49.248943
49.617718
49.217186
53.880932
49.527206
50.994652
51.55471
49.17207
51.63866
50.517513
49.844372
50.583889
50.590397
54.317142
54.317142
48.696598
49.045979
49.016674
49.016535
49.257393
49.103034
49.202869
54.310001
49.196026
49.27103
50.131165
52.830002
49.169998
49.187416
48.433167
49.318081
49.308357
49.3011165
48.43
49.131969
49.029999
54.474609
49.104504
49.310001
48.950001
48.799999
53.880199
49.284527
49.345215
50.73
52.98
49.104232
48.84
50.099998
50.68
49.134417
49.130001
49.200001
53.919998
54.009998
49.489182
49.669998
49.209999
49.134998
49.32
54.509998
49.110001
49.220001
50.722172
50.486271
50.707142
49.235928
51.140099
50.151932
49.190338
50.238528
50.62241
48.856544
50.259998
50.509998
55.333958
50.029999
48.810001
48.650002
53.759998
49.48
49.25
49
49.900002
50.25
49.27
54.060001
54.439049
49.169998
54.41
56.240002
49.17635
48.88945
49.41
49.264683
51.650002
49.049999
49.619999
48.529999
55.25
50.873287
52.160362
50.111214
49.110001
49.689999
49.27784
49.230461
50.110229
49.697033
49.529999
55.759998
49.261135
49.221894
48.439999
48.692009
49.203491
49.260876
54.23
49.48
50.007702
50.313667
50.06155
52.16
50.279999
55.700001
49.157940
51.65284
51.080742
49.238068
49.057652
48.450001
54.02
50.450001
49.799999
50.994663
50.657536
49.400002
52.369999
49.27
50.689999
50.283215
52.859409
53.387943
52.444977
51.941936
52.643673
52.615875
51.672283
52.127014
49.659176
52.411137
51.76804
51.228615
48.394787
49.049999
49.57325
50.453369
50.455288
50.407131
50.495422
50.447529
51.554863
52.511749
52.16354
52.096172
52.128262
52.129196
49.644653
53.366501
51.069229
49.908569
52.30294
54.132362
52.867245
50.923851
50.389721
50.14761
52.417316
53.365528
52.775146
51.482994
49.746044
52.595058
51.952091
53.180592
53.177135
49.143497
51.152973
50.764896
49.872887
50.411369
50.095203
52.860432
52.200371
50.533978
51.172508
51.564877
51.466084
50.101395
55.124229
50.840668
51.849987
50.14621
53.366699
53.199764
50.448982
52.150564
49.632484
52.065311
52.830421
50.37619
51.634769
50.794441
49.108929
52.484577
51.270679
50.649609
51.638222
50.764542
52.201942
55.099564
54.025085
52.333012
44.888504
44.371895
44.613464
44.486828
44.992275
44.647469
44.764767
45.658001
45.61274
45.372936
44.66523
45.71196
44.767773
44.657291
45.084213
46.143543
46.1581
43.881844
46.139843
45.07946
45.063587
43.527641
44.148144
43.750053
46.111153
44.725555
45.492664
44.377568
44.52393
45.071777
46.227509
46.219032
45.835072
44.927748
43.847107
44.715851
44.05481
45.362434
44.646011
45.675404
44.695049
44.68763
45.855293
46.121113
45.167568
45.654209
45.597626
45.334709
44.611687
45.058701
45.724884
45.603119
44.673332
45.198147
44.979153
44.767216
45.622749
45.527022
44.657902
46.199875
46.150187
44.760826
44.738708
44.966141
43.766819
46.238457
45.510876
44.599731
44.72599
45.918671
44.718616
44.667706
46.624958
44.654575
44.031685
45.111588
44.202896
44.40427
45.732231
44.621529
45.405659
44.954712
45.693878
44.548164
46.013142
45.33604
45.437722
44.615925
45.564541
45.03017
45.580235
44.674625
47.559948
46.917381
48.551929
49.647072
49.646919
52.924637
47.171959
47.523701
47.533012
47.513538
53.466725
47.254074
47.242146
47.589172
54.908566
46.952457
49.502178
51.38678
47.606186
47.590614
47.620518
49.714859
47.083893
48.743294
48.952446
48.957573
48.672688
47.482063
47.10154
48.954193
48.949207
53.299511
53.297386
52.945576
51.431641
49.228523
55.079716
45.730492
45.889908
49.937737
47.578442
47.576675
53.466725
49.141972
47.611652
47.737389
53.708485
48.164757
47.518215
47.497356
48.946281
49.182095
47.384712
47.504482
47.64534
46.3370809
46.224785
45.431358
46.134945
45.918259
46.215446
45.968605
47.538773
46.145531
46.104767
46.096863
46.111847
45.416084
46.008423
47.401077
45.201122
47.793468
46.946514
47.993671
46.953289
47.247639
47.438797
45.721283
45.297791
47.76894
47.781376
46.674759
45.840965
47.243206
46.754246
47.794167
47.670761
47.543831
47.753178
47.287743
46.191067
47.365376
46.004501
45.912582
45.266415
47.056438
45.24567
46.091202
47.036118
45.92382
47.029369
46.556267
45.129993
46.006073
49.695053
49.83601
49.145496
49.045773
51.123101
51.490629
52.44671
52.5668
53.906583
54.35694
54.149402
54.732278
54.153955
50.788558
56.288212
52.932572
54.760225
54.149679
50.690157
55.812541
58.01905
58.338456
55.98336
49.918696
54.574524
53.106827
50.64671
58.048127
54.545509
56.462821
55.255437
52.786948
52.088024
50.847065
52.232101
50.195281
51.050609
56.942543
55.226901
49.929952
56.564542
56.364392
50.850667
49.743839
54.38591
54.61576
55.651781
51.999199
52.130223
52.291711
54.589329
51.665419
52.029867
52.46673
49.55127
53.281499
52.874234
55.114373
56.263739
55.416004
53.658958
53.567954
51.691268
56.524573
54.441353
51.443233
49.97325
53.277871
54.618518
53.876904
49.671131
55.066951
50.177204
49.481348
56.452654
52.233551
56.132516
55.765035
52.696646
55.303437
53.978529
54.67409
49.492208
52.577743
58.749377
54.313391
56.666184
52.50857
50.95231
55.870702
50.865152
54.415232
54.29932
53.90307
55.299638
54.865744
49.75485
55.546831
54.983318
52.986999
53.745868
52.286685
51.661683
52.695998
56.070608
50.122639
55.634047
52.665659
58.516456
55.303702
55.314561
50.646618
50.511858
54.502396
52.903355
56.263684
53.354117
52.141112
52.504903
51.021503
54.658237
49.933308
51.330537
49.958553
55.895275
52.932018
55.372764
53.586622
53.408769
52.797927
53.352648
54.440505
53.815106
52.972505
52.961515
53.263315
52.321087
49.787237
53.368808
51.588771
56.451854
54.717974
51.564135
53.088738
50.337285
54.429004
52.743356
49.393996
54.207668
56.85537
56.070588
53.528072
52.903325
53.935253
50.049669
51.5888
49.084391
53.088853
50.730299
50.574059
53.336103
53.496019
53.830636
53.790843
51.156003
50.701533
53.045006
51.548714
54.095142
53.674131
56.030664
55.241875
53.277739
49.889631
52.481208
53.742735
49.437572
54.833042
53.043256
53.703263
52.990603
56.248536
56.680896
53.65565
54.472589
49.85638
54.847275
52.6848
52.432072
50.893896
52.4066
55.459764
58.49801
50.311816
53.456134
56.564571
50.093373
53.965341
55.997935
54.498593
51.22511
58.473071
52.786911
51.301374
56.176378
51.838558
53.306901
53.945946
55.807909
53.757363
50.355366
53.568413
52.859607
52.783324
49.886019
49.481194
55.328678
55.157789
54.138895
55.012443
54.178534
53.960495
54.298607
53.830614
54.007704
51.112377
52.333988
49.510515
53.528411
51.006834
52.801434
55.0668
55.055755
50.220885
51.782249
53.219492
55.081264
54.703121
55.026767
52.31744
49.802234
55.808658
55.459565
54.251578
54.164663
51.679746
50.482843
53.38308
51.752719
51.836421
56.506348
53.72783
53.51053
53.367537
54.122924
54.091173
53.150571
50.399076
56.02613
49.958689
55.168177
55.753869
49.335837
54.080382
51.51665
56.361981
52.918476
54.135729
54.760558
54.124918
56.26379
53.829563
53.583082
53.815111
52.972731
56.568226
59.152151
51.1597781
51.0685472
51.081923
51.1550446
51.0233985
50.9428408
51.0061016
50.9574245
50.907519
53.590556
53.5849076
53.563911
53.4885319
53.4259944
