-71.2141343
-71.2180916
-71.2198508
-71.1785671
-71.1785671
-71.1711047
-71.2521853
-71.2521853
-71.1709185
-71.1709185
-71.1720319
-71.209926
-71.209926
-71.16207
-71.2608245
-71.2605417
-71.2475349
-71.264176
-71.2714762
-71.21739
-71.254668
-71.2624411
-71.2057595
-71.2699975
-71.26968
-71.26968
-71.2753477
-71.2753477
-71.286339
-71.2744235
-71.2895279
-71.2761621
-71.201459
-71.2769316
-71.2779275
-71.2766509
-71.2987181
-71.1788086
-71.2821248
-71.2699484
-71.2827959
-71.2916938
-71.3077667
-71.2842909
-71.2887587
-71.3154861
-71.1863497
-71.3084589
-71.291902
-71.297794
-71.330994
-71.2047479
-71.3416977
-71.1474572
-71.3500201
-71.3396893
-71.3463492
-71.3588834
-71.320757
-71.3722797
-71.3763609
-71.0098142
-71.105715
-71.0851189
-71.4507797
-71.0162351
-71.2112063
-71.4114636
-71.5283889
-70.9697098
-70.9626501
-70.9154713
-70.8881597
-71.6785214
-71.6948285
-71.6948285
-70.7281181
-70.6925392
-71.044672
-71.5916012
-71.0327749
-71.6083994
-71.0250407
-71.0250407
-70.8427478
-71.2421429
-70.6317138
-71.809902
-71.8329933
-70.5970718
-70.7591119
-70.5734611
-70.5646393
-70.5646393
-70.5646393
-70.5604139
-71.9430454
-70.6322294
-70.6322294
-70.4366757
-70.7666098
-71.9717029
-72.0047627
-70.4405037
-70.362228
-72.043543
-70.3431873
-71.9709862
-72.0320011
-70.7861221
-70.3353115
-72.0618559
-70.2968895
-72.130331
-72.1318091
-70.1968154
-70.9105164
-71.2850941
-72.0032957
-71.7682357
-71.7637034
-71.7714201
-70.1714035
-72.2505767
-71.3002791
-71.326945
-72.1080726
-72.211101
-72.1588718
-70.2283979
-72.198334
-70.6022451
-72.3082701
-70.2694167
-70.6988586
-70.6973626
-70.6940716
-70.6940716
-70.6947002
-70.695594
-70.9524189
-70.9547043
-70.6812259
-70.6812259
-70.4790446
-70.6593008
-70.659083
-70.659083
-72.3792179
-70.094257
-70.0220329
-70.3787954
-72.338919
-72.1778347
-70.0030142
-72.2672062
-72.3247356
-72.4298566
-70.5623488
-70.5216265
-70.1683332
-70.9366095
-70.9366095
-70.9344068
-70.9346076
-70.9346076
-72.5031794
-71.9544154
-71.9544154
-71.9270398
-72.4759573
-69.926801
-71.133984
-71.133984
-71.941898
-71.9421134
-71.3579729
-71.3631049
-72.5673298
-69.8706972
-72.0006895
-72.2286906
-72.4363749
-70.0375125
-70.0336736
-72.624243
-72.624243
-69.7782716
-70.0141805
-72.0614461
-72.5313573
-72.4600598
-72.2526074
-72.3236181
-72.325974
-72.0878624
-72.204526
-71.986496
-71.986496
-72.5510473
-72.5398941
-71.9941389
-72.7133014
-72.5071461
-72.5071461
-72.6565368
-72.577589
-72.584572
-72.579728
-72.579728
-72.5648475
-72.5678725
-72.5894358
-72.5444322
-72.5826038
-72.5679721
-72.5679721
-71.7246842
-72.59492
-72.3775819
-72.7311691
-72.5993568
-72.7358743
-72.740534
-72.7435254
-72.238405
-72.7438288
-70.1762677
-71.6022156
-70.1511652
-70.1511652
-70.221117
-70.221117
-72.6058799
-72.062911
-72.7484043
-72.7550228
-72.6083711
-70.2343039
-72.4662911
-72.6726996
-72.6726996
-71.9270799
-71.9288929
-71.8116118
-69.8268706
-71.7008776
-71.9377643
-72.7403614
-72.6144913
-70.9145903
-70.9145903
-72.7778408
-72.7154819
-72.7849178
-70.8881
-72.5133744
-72.4914366
-72.4914366
-72.5176509
-72.5214878
-72.4884395
-72.5151872
-72.5203713
-72.4754145
-72.5158771
-72.4970134
-72.1257179
-71.5618806
-72.945868
-72.9539293
-72.8100531
-72.0872744
-71.6597746
-71.6597746
-69.8815421
-71.6596493
-71.6596493
-73.0187902
-69.6223568
-72.85326
-71.8684988
-73.119143
-71.8398219
-69.2603917
-71.86118
-69.224318
-71.8978118
-71.9571657
-71.9594055
-71.9684124
-69.5549633
-69.5536813
-69.5525065
-69.5512672
-71.966407
-69.5482516
-69.551675
-73.098437
-73.0956322
-71.2141343
-71.2180916
-71.2198508
-71.1785671
-71.1785671
-71.1711047
-71.2521853
-71.2521853
-71.1709185
-71.1709185
-71.1720319
-71.209926
-71.209926
-71.16207
-71.2608245
-71.2605417
-71.2475349
-71.264176
-71.2714762
-71.21739
-71.254668
-71.2624411
-71.2057595
-71.2699975
-71.26968
-71.26968
-71.2753477
-71.2753477
-71.286339
-71.2744235
-71.2895279
-71.2761621
-71.201459
-71.2769316
-71.2779275
-71.2766509
-71.2987181
-71.1788086
-71.2821248
-71.2699484
-71.2827959
-71.2916938
-71.3077667
-71.2842909
-71.2887587
-71.3154861
-71.1863497
-71.3084589
-71.291902
-71.297794
-71.330994
-71.2047479
-71.3416977
-71.1474572
-71.3500201
-71.3396893
-71.3463492
-71.3588834
-71.320757
-71.3722797
-71.3763609
-71.0098142
-71.105715
-71.0851189
-71.4507797
-71.0162351
-71.2112063
-71.4114636
-71.5283889
-70.9697098
-70.9626501
-70.9154713
-70.8881597
-71.6785214
-71.6948285
-71.6948285
-70.7281181
-70.6925392
-71.044672
-71.5916012
-71.0327749
-71.6083994
-71.0250407
-71.0250407
-70.8427478
-71.2421429
-70.6317138
-71.809902
-71.8329933
-70.5970718
-70.7591119
-70.5734611
-70.5646393
-70.5646393
-70.5646393
-70.5604139
-71.9430454
-70.6322294
-70.6322294
-70.4366757
-70.7666098
-71.9717029
-72.0047627
-70.4405037
-70.362228
-72.043543
-70.3431873
-71.9709862
-72.0320011
-70.7861221
-70.3353115
-72.0618559
-70.2968895
-72.130331
-72.1318091
-70.1968154
-70.9105164
-71.2850941
-72.0032957
-71.7682357
-71.7637034
-71.7714201
-70.1714035
-72.2505767
-71.3002791
-71.326945
-72.1080726
-72.211101
-72.1588718
-70.2283979
-72.198334
-70.6022451
-72.3082701
-70.2694167
-70.6988586
-70.6973626
-70.6940716
-70.6940716
-70.6947002
-70.695594
-70.9524189
-70.9547043
-70.6812259
-70.6812259
-70.4790446
-70.6593008
-70.659083
-70.659083
-72.3792179
-70.094257
-70.0220329
-70.3787954
-72.338919
-72.1778347
-70.0030142
-72.2672062
-72.3247356
-72.4298566
-70.5623488
-70.5216265
-70.1683332
-70.9366095
-70.9366095
-70.9344068
-70.9346076
-70.9346076
-72.5031794
-71.9544154
-71.9544154
-71.9270398
-72.4759573
-69.926801
-71.133984
-71.133984
-71.941898
-71.9421134
-71.3579729
-71.3631049
-72.5673298
-69.8706972
-72.0006895
-72.2286906
-72.4363749
-70.0375125
-70.0336736
-72.624243
-72.624243
-69.7782716
-70.0141805
-72.0614461
-72.5313573
-72.4600598
-72.2526074
-72.3236181
-72.325974
-72.0878624
-72.204526
-71.986496
-71.986496
-72.5510473
-72.5398941
-71.9941389
-72.7133014
-72.5071461
-72.5071461
-72.6565368
-72.577589
-72.584572
-72.579728
-72.579728
-72.5648475
-72.5678725
-72.5894358
-72.5444322
-72.5826038
-72.5679721
-72.5679721
-71.7246842
-72.59492
-72.3775819
-72.7311691
-72.5993568
-72.7358743
-72.740534
-72.7435254
-72.238405
-72.7438288
-70.1762677
-71.6022156
-70.1511652
-70.1511652
-70.221117
-70.221117
-72.6058799
-72.062911
-72.7484043
-72.7550228
-72.6083711
-70.2343039
-72.4662911
-72.6726996
-72.6726996
-71.9270799
-71.9288929
-71.8116118
-69.8268706
-71.7008776
-71.9377643
-72.7403614
-72.6144913
-70.9145903
-70.9145903
-72.7778408
-72.7154819
-72.7849178
-70.8881
-72.5133744
-72.4914366
-72.4914366
-72.5176509
-72.5214878
-72.4884395
-72.5151872
-72.5203713
-72.4754145
-72.5158771
-72.4970134
-72.1257179
-71.5618806
-72.945868
-72.9539293
-72.8100531
-72.0872744
-71.6597746
-71.6597746
-69.8815421
-71.6596493
-71.6596493
-73.0187902
-69.6223568
-72.85326
-71.8684988
-73.119143
-71.8398219
-69.2603917
-71.86118
-69.224318
-71.8978118
-71.9571657
-71.9594055
-71.9684124
-69.5549633
-69.5536813
-69.5525065
-69.5512672
-71.966407
-69.5482516
-69.551675
-73.098437
-73.0956322
-71.2141343
-71.2180916
-71.2198508
-71.1785671
-71.1785671
-71.1711047
-71.2521853
-71.2521853
-71.1709185
-71.1709185
-71.1720319
-71.209926
-71.209926
-71.16207
-71.2608245
-71.2605417
-71.2475349
-71.264176
-71.2714762
-71.21739
-71.254668
-71.2624411
-71.2057595
-71.2699975
-71.26968
-71.26968
-71.2753477
-71.2753477
-71.286339
-71.2744235
-71.2895279
-71.2761621
-71.201459
-71.2769316
-71.2779275
-71.2766509
-71.2987181
-71.1788086
-71.2821248
-71.2699484
-71.2827959
-71.2916938
-71.3077667
-71.2842909
-71.2887587
-71.3154861
-71.1863497
-71.3084589
-71.291902
-71.297794
-71.330994
-71.2047479
-71.3416977
-71.1474572
-71.3500201
-71.3396893
-71.3463492
-71.3588834
-71.320757
-71.3722797
-71.3763609
-71.0098142
-71.105715
-71.0851189
-71.4507797
-71.0162351
-71.2112063
-71.4114636
-71.5283889
-70.9697098
-70.9626501
-70.9154713
-70.8881597
-71.6785214
-71.6948285
-71.6948285
-70.7281181
-70.6925392
-71.044672
-71.5916012
-71.0327749
-71.6083994
-71.0250407
-71.0250407
-70.8427478
-71.2421429
-70.6317138
-71.809902
-71.8329933
-70.5970718
-70.7591119
-70.5734611
-70.5646393
-70.5646393
-70.5646393
-70.5604139
-71.9430454
-70.6322294
-70.6322294
-70.4366757
-70.7666098
-71.9717029
-72.0047627
-70.4405037
-70.362228
-72.043543
-70.3431873
-71.9709862
-72.0320011
-70.7861221
-70.3353115
-72.0618559
-70.2968895
-72.130331
-72.1318091
-70.1968154
-70.9105164
-71.2850941
-72.0032957
-71.7682357
-71.7637034
-71.7714201
-70.1714035
-72.2505767
-71.3002791
-71.326945
-72.1080726
-72.211101
-72.1588718
-70.2283979
-72.198334
-70.6022451
-72.3082701
-70.2694167
-70.6988586
-70.6973626
-70.6940716
-70.6940716
-70.6947002
-70.695594
-70.9524189
-70.9547043
-70.6812259
-70.6812259
-70.4790446
-70.6593008
-70.659083
-70.659083
-72.3792179
-70.094257
-70.0220329
-70.3787954
-72.338919
-72.1778347
-70.0030142
-72.2672062
-72.3247356
-72.4298566
-70.5623488
-70.5216265
-70.1683332
-70.9366095
-70.9366095
-70.9344068
-70.9346076
-70.9346076
-72.5031794
-71.9544154
-71.9544154
-71.9270398
-72.4759573
-69.926801
-71.133984
-71.133984
-71.941898
-71.9421134
-71.3579729
-71.3631049
-72.5673298
-69.8706972
-72.0006895
-72.2286906
-72.4363749
-70.0375125
-70.0336736
-72.624243
-72.624243
-69.7782716
-70.0141805
-72.0614461
-72.5313573
-72.4600598
-72.2526074
-72.3236181
-72.325974
-72.0878624
-72.204526
-71.986496
-71.986496
-72.5510473
-72.5398941
-71.9941389
-72.7133014
-72.5071461
-72.5071461
-72.6565368
-72.577589
-72.584572
-72.579728
-72.579728
-72.5648475
-72.5678725
-72.5894358
-72.5444322
-72.5826038
-72.5679721
-72.5679721
-71.7246842
-72.59492
-72.3775819
-72.7311691
-72.5993568
-72.7358743
-72.740534
-72.7435254
-72.238405
-72.7438288
-70.1762677
-71.6022156
-70.1511652
-70.1511652
-70.221117
-70.221117
-72.6058799
-72.062911
-72.7484043
-72.7550228
-72.6083711
-70.2343039
-72.4662911
-72.6726996
-72.6726996
-71.9270799
-71.9288929
-71.8116118
-69.8268706
-71.7008776
-71.9377643
-72.7403614
-72.6144913
-70.9145903
-70.9145903
-72.7778408
-72.7154819
-72.7849178
-70.8881
-72.5133744
-72.4914366
-72.4914366
-72.5176509
-72.5214878
-72.4884395
-72.5151872
-72.5203713
-72.4754145
-72.5158771
-72.4970134
-72.1257179
-71.5618806
-72.945868
-72.9539293
-72.8100531
-72.0872744
-71.6597746
-71.6597746
-69.8815421
-71.6596493
-71.6596493
-73.0187902
-69.6223568
-72.85326
-71.8684988
-73.119143
-71.8398219
-69.2603917
-71.86118
-69.224318
-71.8978118
-71.9571657
-71.9594055
-71.9684124
-69.5549633
-69.5536813
-69.5525065
-69.5512672
-71.966407
-69.5482516
-69.551675
-73.098437
-73.0956322
-71.8978118
-71.86118
-71.8398219
-71.9308537
-71.9308537
-71.8684988
-71.9571657
-71.9594055
-71.957982
-71.966407
-71.9684124
-71.9806152
-71.973515
-71.6597746
-71.6597746
-71.6596493
-71.6596493
-72.1323194
-72.1331291
-72.13899
-72.1754393
-72.1509399
-72.0872744
-71.5618806
-71.8055962
-71.8031644
-71.8053
-71.8044596
-71.8044596
-71.9377643
-71.8727441
-71.7008776
-72.1257179
-72.3147793
-71.8116118
-71.9288929
-71.9270799
-71.6022156
-72.1046571
-71.7246842
-72.5139312
-72.062911
-72.5252918
-72.5304854
-72.3922922
-72.5823422
-71.9941389
-72.6581884
-71.986496
-71.986496
-72.669215
-72.7043031
-72.615191
-72.7496751
-72.7538718
-71.3631049
-72.7548865
-72.0878624
-72.4754145
-71.3579729
-72.0614461
-72.775927
-72.4970134
-72.4884395
-72.238405
-72.4914366
-72.4914366
-71.9421134
-72.0006895
-71.941898
-72.5158771
-71.9270398
-72.5151872
-72.5203713
-72.5176509
-72.5214878
-72.5133744
-72.7998186
-72.7998186
-71.9544154
-71.9544154
-72.8850644
-72.204526
-70.9145903
-70.9145903
-70.8881
-71.133984
-71.133984
-72.9354716
-72.2526074
-72.9264259
-72.9619713
-72.9572089
-72.9572089
-72.3775819
-72.9656721
-72.4662911
-71.326945
-72.9683797
-73.0252379
-72.9778488
-71.3002791
-72.2286906
-71.7637034
-71.7714201
-71.2850941
-72.325974
-71.7682357
-72.3236181
-73.005309
-72.9874661
-72.6144913
-73.0715418
-73.1088268
-70.9346076
-70.9346076
-70.9366095
-70.9366095
-70.9344068
-72.85326
-73.157091
-73.1751288
-70.9547043
-70.9524189
-72.8100531
-72.7154819
-73.1942049
-73.2018676
-73.2156
-73.2082085
-73.2092329
-72.1778347
-73.2143876
-73.1872808
-73.2463759
-73.255368
-73.255368
-72.6083711
-72.0032957
-73.2606302
-73.1591803
-72.5071461
-72.5071461
-72.6058799
-73.268441
-73.2670444
-73.2745535
-73.280654
-73.2808181
-73.2812431
-73.2890493
-73.2890493
-72.4600598
-73.2847444
-73.2932159
-73.2955173
-70.9105164
-72.5444322
-73.1641984
-72.4363749
-73.3273122
-73.3273122
-73.3271014
-72.5679721
-72.5679721
-72.2672062
-72.5648475
-73.3597522
-72.5678725
-72.1080726
-72.6726996
-72.6726996
-72.5398941
-72.5993568
-73.375659
-72.59492
-73.1033757
-71.9709862
-73.2536994
-73.381654
-72.5826038
-73.0956322
-73.098437
-72.577589
-72.579728
-72.579728
-72.584572
-73.4063754
-73.4073175
-73.4108218
-72.5894358
-73.3779263
-72.5510473
-73.4059513
-72.1588718
-73.39766
-73.4200652
-73.2236865
-72.0320011
-73.2852871
-73.4383637
-73.1297152
-73.3682962
-73.4448456
-71.2421429
-72.5313573
-70.6973626
-70.695594
-70.6947002
-70.6988586
-73.455419
-73.4545469
-70.6940716
-70.6940716
-73.4233238
-70.6812259
-70.6812259
-70.659083
-70.659083
-73.4632411
-70.6593008
-73.4675449
-73.4648905
-73.4581842
-73.467274
-73.467274
-73.4454724
-72.0618559
-73.4627181
-73.4731436
-73.4716105
-73.4716105
-73.4662565
-73.4315596
-73.4670803
-73.4503326
-72.3247356
-73.4767279
-73.3747383
-73.479883
-73.4690714
-73.4690714
-70.7861221
-73.4805845
-73.2732441
-72.198334
-72.945868
-73.4942536
-73.4796734
-73.1783713
-73.185503
-73.4915369
-73.5015005
-72.9539293
-73.4948284
-73.0187902
-73.4494214
-73.5123403
-73.5185432
-73.5180661
-73.5150697
-73.2051823
-73.5138633
-73.5155384
-70.5623488
-73.4107227
-71.6083994
-73.4585954
-73.4381463
-73.5205131
-73.5205131
-73.5220261
-73.5220261
-73.5312553
-72.1318091
-72.130331
-73.465722
-73.5056194
-73.5397376
-73.524409
-71.5916012
-73.5183789
-73.119143
-73.4781084
-73.550349
-73.4950321
-73.542459
-72.338919
-73.5394172
-73.5514721
-73.4849965
-73.5590291
-73.5427435
-73.5449234
-73.5563989
-73.557547
-73.5497097
-73.4564612
-73.5465787
-73.5597284
-73.5665081
-73.5665081
-73.5671148
-73.5691094
-73.5695399
-73.5644801
-73.5641893
-73.5669913
-73.5662653
-73.5678883
-73.5710036
-73.5710036
-73.5723526
-73.5725184
-73.5725184
-73.5717904
-73.5604787
-73.5709588
-73.5738797
-73.5699322
-73.5607597
-73.5720164
-73.5600245
-73.564444
-73.564444
-73.564444
-73.56849
-73.5672214
-73.5638835
-73.5628144
-73.5638449
-73.5784967
-73.5784967
-73.557547
-73.563767
-73.5642363
-73.5597284
-73.5785488
-73.5563989
-73.5790238
-73.5779964
-73.5749939
-73.5790443
-73.5766469
-73.5766469
-73.5613079
-73.5612439
-73.5600687
-73.5597293
-73.5891739
-73.5731653
-73.572794
-73.5859141
-73.5857968
-73.58772
-73.58772
-73.5514721
-73.581112
-73.5948783
-73.5948783
-73.5773856
-73.5957259
-73.5957259
-73.6122036
-73.611875
-73.597604
-73.5846197
-73.6152322
-73.6157778
-73.6158487
-73.6070749
-73.5707771
-73.6180784
-73.6183991
-73.550349
-73.5923294
-73.6008526
-73.6008526
-73.6214166
-73.6071761
-73.5123403
-73.5397376
-73.5220261
-73.5220261
-73.6082646
-73.6239156
-73.5205131
-73.5205131
-73.5672565
-73.595561
-73.6257812
-73.6036457
-73.624671
-73.5155384
-73.6200993
-73.5015005
-73.5858045
-73.6103832
-73.5733738
-73.630883
-73.6370751
-73.6191374
-73.6130456
-73.6130456
-73.5534702
-73.6382204
-73.5642156
-73.6040227
-73.5138633
-73.542459
-73.6471315
-73.5569701
-73.6352022
-73.629027
-73.5497097
-73.6297544
-73.4805845
-73.4915369
-73.479883
-73.6205666
-73.6127113
-73.648797
-73.6537896
-73.6537896
-73.612797
-73.6128073
-73.631939
-73.5887649
-73.6522448
-73.642987
-73.6155422
-73.6202501
-73.6296304
-73.6556396
-73.6049955
-73.6370506
-73.6697005
-73.4648905
-73.4670803
-73.4716105
-73.4716105
-73.4662565
-73.6300498
-73.636785
-73.4632411
-73.4627181
-73.4948284
-73.5465787
-73.6689685
-73.6689685
-73.6783167
-73.5449234
-73.654876
-73.5725658
-73.5427435
-73.6310863
-73.467274
-73.467274
-73.4581842
-73.6770668
-73.6531142
-73.6909283
-73.57738
-73.4545469
-73.4796734
-73.663314
-73.6682794
-73.6942503
-73.5394172
-73.696559
-73.648398
-73.4731436
-73.4690714
-73.4690714
-73.5719339
-73.7055367
-73.7055367
-73.524409
-73.559813
-73.7082737
-73.4448456
-73.5817857
-73.574501
-73.6370701
-73.4675449
-73.698697
-73.6073639
-73.6193979
-73.5918684
-73.699293
-73.719775
-73.455419
-73.6893836
-73.684744
-73.547031
-73.4383637
-73.6221078
-73.598143
-73.5185432
-73.4073175
-73.4063754
-73.6705568
-73.4942536
-73.6938383
-73.719921
-73.719921
-73.5590291
-73.7364134
-73.6510749
-73.4108218
-73.681487
-73.720937
-73.7380418
-73.744479
-73.704389
-73.723959
-73.7131554
-73.7297366
-73.7306972
-73.67612
-73.381654
-73.5183789
-73.5312553
-73.4454724
-73.4059513
-73.375659
-73.7369828
-73.7428003
-73.5180661
-73.5600463
-73.4503326
-73.5647789
-73.7625494
-73.7625494
-73.6872689
-73.7107649
-73.6985908
-73.7437587
-73.7437587
-73.7333986
-73.3597522
-73.576862
-73.5056194
-73.7156569
-73.748988
-73.7835558
-73.7873491
-73.4767279
-73.7939565
-73.7956149
-73.8037634
-73.8062283
-73.6899849
-73.7462754
-73.7465654
-73.6954206
-73.6954206
-73.8191314
-73.7860625
-73.8141535
-73.7528023
-73.731095
-73.3273122
-73.3273122
-73.823013
-73.829128
-73.8311919
-73.3271014
-73.8180439
-73.8180439
-73.784636
-73.4315596
-73.8378248
-73.5150697
-73.3779263
-73.2812431
-73.852245
-73.2890493
-73.2890493
-73.8600557
-73.803558
-73.8464024
-73.6466848
-73.624523
-73.7355664
-73.6219817
-73.8656051
-73.7623532
-73.864914
-73.812238
-73.6244118
-73.871832
-73.2606302
-73.2745535
-73.8759666
-73.867943
-73.7045701
-73.8170611
-73.8192093
-73.5111735
-73.9975844
-74.2772823
-74.2267334
-74.129373
-74.0996465
-74.0824037
-74.2020797
-73.772251
-73.8867419
-73.8066692
-74.0361017
-73.9846212
-73.9846212
-74.014368
-74.0291083
-73.7895621
-74.0504182
-74.1252379
-74.3035322
-73.9609896
-73.9649198
-73.962464
-73.9559011
-73.8064197
-73.9179281
-73.9108889
-74.070336
-73.7355664
-73.7045701
-73.8682341
-73.8682341
-73.731095
-73.8464024
-73.6954206
-73.6954206
-73.6158635
-73.6155323
-73.864914
-73.9859006
-73.6899849
-73.8656051
-73.871832
-74.2069936
-73.8141535
-73.8378248
-73.829128
-73.823013
-73.8311919
-73.9802939
-73.8600557
-73.8759666
-73.7369828
-73.7428003
-73.681487
-73.8037634
-73.932463
-73.7956149
-73.7939565
-73.8062283
-73.8191314
-73.7625494
-73.7625494
-73.9103693
-73.7380418
-73.719921
-73.719921
-73.852245
-73.698697
-73.9229023
-73.663314
-73.744479
-73.6531142
-73.5647789
-73.867943
-73.719775
-73.6310863
-73.5150697
-73.7835558
-73.6942503
-73.5817857
-73.6300498
-73.7082737
-73.7873491
-73.918747
-73.7364134
-73.6689685
-73.6689685
-73.5590291
-73.574501
-73.6296304
-73.7055367
-73.7055367
-73.631939
-73.6155422
-73.6049955
-73.6128073
-73.612797
-73.6127113
-73.6697005
-73.5312553
-73.629027
-73.4233238
-73.9221608
-73.6352022
-73.6537896
-73.6537896
-73.5180661
-73.696559
-73.6909283
-73.8180439
-73.8180439
-73.630883
-73.6783167
-73.5185432
-73.6471315
-73.6082646
-73.595561
-73.6071761
-73.39766
-73.6008526
-73.6008526
-73.4767279
-73.6382204
-73.6370751
-73.4200652
-73.5957259
-73.5957259
-73.9848789
-74.0957714
-73.6183991
-73.6180784
-73.5672565
-73.6239156
-73.7297366
-73.3682962
-73.720937
-73.7306972
-73.6214166
-74.3017917
-74.3017917
-73.6157778
-73.723959
-73.6257812
-73.4942536
-73.6770668
-73.6152322
-73.6158487
-73.58772
-73.58772
-73.7860625
-73.648797
-73.699293
-73.5857968
-73.7437587
-73.7437587
-73.6522448
-73.5859141
-73.6556396
-73.6122036
-73.748988
-73.611875
-73.5891739
-73.550349
-74.3709551
-73.624671
-73.8525366
-73.5790443
-73.5779964
-73.5749939
-73.5785488
-73.5790238
-73.7131554
-73.5397376
-73.6682794
-73.642987
-73.6893836
-73.6200993
-73.7333986
-73.6070749
-73.5709588
-73.654876
-73.5642363
-73.5784967
-73.5784967
-73.563767
-73.5638835
-73.6938383
-73.5628144
-73.5669913
-73.5723526
-73.5725184
-73.5725184
-73.5695399
-73.5738797
-73.5662653
-73.5597284
-73.5691094
-73.5948783
-73.5948783
-73.6191374
-73.5717904
-73.784636
-73.704389
-73.5710036
-73.5710036
-73.6297544
-73.8408837
-73.5665081
-73.5665081
-73.684744
-73.5671148
-73.5720164
-73.5644801
-73.5607597
-73.5641893
-73.557547
-73.5766469
-73.5766469
-73.5699322
-73.5678883
-73.803558
-73.8192093
-73.597604
-73.812238
-73.5604787
-73.56849
-73.6370506
-73.5672214
-73.6130456
-73.6130456
-73.8170611
-73.564444
-73.564444
-73.564444
-73.5600245
-73.6103832
-73.6036457
-73.5638449
-73.4675449
-73.636785
-73.5563989
-73.5731653
-73.4731436
-73.572794
-73.581112
-73.5613079
-73.6205666
-73.5923294
-73.5612439
-73.5600687
-73.5846197
-73.6040227
-73.5597293
-73.455419
-73.5773856
-73.7107649
-73.6202501
-73.7156569
-73.7462754
-73.648398
-73.7465654
-73.6705568
-73.7528023
-73.5858045
-73.5514721
-73.5707771
-74.0900432
-73.467274
-73.467274
-74.6011489
-73.6985908
-73.8863359
-73.5123403
-73.5015005
-73.8622513
-73.4383637
-73.4716105
-73.4716105
-73.6872689
-73.5733738
-73.67612
-73.4448456
-73.6370701
-73.4545469
-73.5887649
-73.5642156
-73.5220261
-73.5220261
-73.479883
-73.5205131
-73.5205131
-73.4805845
-73.6510749
-73.5534702
-73.9216335
-73.4648905
-73.4632411
-73.5155384
-73.5569701
-73.542459
-75.7135844
-75.7128606
-75.7155083
-75.7320389
-75.739675
-75.739675
-75.7308264
-75.736806
-75.7383546
-75.7704775
-75.6894011
-75.7378533
-75.7792416
-75.7421201
-75.676909
-75.7011335
-75.6449856
-75.6296682
-75.675241
-75.6296821
-75.8445208
-75.5675373
-75.5590968
-75.8163109
-75.898567
-75.4345448
-75.4303942
-75.4069085
-75.4069085
-75.4171836
-76.0149
-75.5831327
-75.9496988
-75.1203767
-75.6108679
-75.0518361
-75.1004089
-75.1654491
-74.9375464
-74.867793
-74.9689786
-75.0549631
-75.0787404
-74.9336773
-76.0537016
-74.6011489
-74.8877766
-75.0921915
-74.5568876
-74.739155
-76.7617543
-74.637944
-74.3709551
-74.4579993
-75.9712769
-74.3035322
-74.9375738
-74.4672361
-74.3017917
-74.3017917
-74.2772823
-74.2267334
-74.2069936
-74.5653064
-74.2020797
-77.0790754
-77.0790754
-74.25
-74.3247985
-74.1252379
-74.129373
-75.4816123
-74.0996465
-74.864405
-75.5063526
-74.139034
-75.504129
-74.4711601
-74.070336
-74.0957714
-74.8735989
-74.0824037
-74.1996787
-74.0504182
-74.0900432
-74.0361017
-74.2785595
-74.2785595
-74.0291083
-74.2646976
-74.2619705
-74.014368
-74.252895
-74.047564
-73.9859006
-73.9846212
-73.9846212
-74.2926278
-73.9802939
-74.1267887
-74.3426258
-73.9649198
-73.962464
-73.9848789
-73.9609896
-74.0205338
-74.0705376
-73.9559011
-74.0237501
-74.019363
-74.0152618
-74.0208384
-73.9975844
-74.0181148
-73.932463
-74.2518698
-73.9179281
-73.9808695
-73.9229023
-73.9108889
-73.9725552
-73.9221608
-73.918747
-73.9999366
-73.9103693
-73.9391609
-73.9216335
-73.8867419
-74.016438
-73.8759666
-73.871832
-73.8682341
-73.8682341
-73.8656051
-73.864914
-73.867943
-73.8600557
-73.8863359
-74.0650125
-73.852245
-73.8464024
-73.8378248
-73.8525366
-73.8622513
-73.8311919
-73.829128
-73.823013
-73.8408837
-73.8191314
-73.8141535
-73.8180439
-73.8180439
-73.8062283
-73.8037634
-73.8064197
-73.8192093
-73.8170611
-73.7956149
-73.7939565
-73.812238
-73.8066692
-73.803558
-73.7873491
-73.7835558
-73.7860625
-73.7895621
-73.784636
-73.7625494
-73.7625494
-74.2205446
-73.7842415
-74.2065292
-73.999663
-73.744479
-73.7428003
-73.748988
-73.7380418
-73.7369828
-73.7623532
-73.7649733
-73.7528023
-73.7364134
-73.7437587
-73.7437587
-73.7462754
-73.7355664
-73.7465654
-73.731095
-73.7306972
-73.7297366
-73.7333986
-73.719921
-73.719921
-73.719775
-73.723959
-73.772251
-73.720937
-74.0680218
-73.7082737
-73.7055367
-73.7055367
-73.7131554
-73.7156569
-73.698697
-73.7107649
-73.7045701
-73.704389
-73.696559
-73.6942503
-73.699293
-73.6954206
-73.6954206
-73.6909283
-73.6899849
-73.6938383
-73.6985908
-73.681487
-73.6893836
-73.684744
-73.6783167
-73.6872689
-73.6770668
-73.6697005
-73.6689685
-73.6689685
-73.7071294
-73.663314
-73.67612
-73.6682794
-73.8839984
-73.6705568
-73.6531142
-73.6537896
-73.6537896
-73.6556396
-73.654876
-73.6522448
-73.6471315
-73.648797
-73.648398
-73.642987
-73.6510749
-73.6382204
-73.6370751
-73.6352022
-73.631939
-73.6310863
-73.6370506
-73.6300498
-73.630883
-73.636785
-73.6296304
-73.629027
-73.6370701
-73.6645988
-73.6297544
-73.6257812
-73.6239156
-73.624671
-73.6214166
-73.6550118
-73.6183991
-73.6180784
-73.6200993
-73.6155422
-73.6191374
-73.6205666
-73.6157778
-73.6158487
-73.6202501
-73.6152322
-73.6128073
-73.612797
-73.6466848
-73.6127113
-73.6122036
-73.611875
-73.6221078
-73.6130456
-73.6130456
-73.6082646
-73.6193979
-73.6071761
-73.6103832
-73.6049955
-73.6070749
-73.6008526
-73.6008526
-73.6158635
-73.6155323
-73.6036457
-73.6040227
-73.595561
-73.5957259
-73.5957259
-73.6073639
-73.597604
-73.5948783
-73.5948783
-73.624523
-77.7973547
-77.7668458
-77.8265716
-77.8303523
-77.8303523
-78.1414554
-77.631034
-77.1690245
-78.1130337
-78.3614944
-78.88441
-78.6828783
-79.0071946
-79.0078133
-79.0157368
-79.0157368
-79.0217965
-79.0217965
-79.0231209
-76.9830088
-79.170994
-79.4819407
-79.4414585
-79.366541
-77.637778
-74.9377152
-75.9712769
-75.5063526
-75.504129
-75.4816123
-76.7617543
-77.0790754
-77.0790754
-76.0537016
-74.3928745
-74.8572159
-74.8735989
-75.9496988
-74.864405
-75.0921915
-75.6108679
-74.9375738
-73.785575
-76.0149
-75.5831327
-75.8163109
-75.898567
-75.1654491
-75.0787404
-74.38748
-74.8877766
-74.3639268
-75.0549631
-74.739155
-74.9336773
-75.1004089
-74.5653064
-74.4711601
-75.675241
-75.7421201
-75.7011335
-75.7378533
-73.9150069
-73.9150069
-75.4303942
-75.7383546
-75.736806
-75.4171836
-75.676909
-75.6894011
-74.9689786
-75.6296821
-75.7308264
-75.7704775
-75.5675373
-75.7792416
-75.6449856
-75.739675
-75.739675
-75.6296682
-75.4069085
-75.4069085
-75.5590968
-75.7320389
-74.637944
-75.4345448
-74.2205446
-75.8445208
-75.0518361
-74.2065292
-75.7128606
-75.7135844
-74.3426258
-75.7155083
-75.1203767
-74.2926278
-74.2518698
-73.8161457
-74.9375464
-74.4672361
-74.0680218
-74.2785595
-74.2785595
-74.2646976
-74.867793
-74.2619705
-74.252895
-74.5568876
-74.3247985
-74.4579993
-73.999663
-74.0650125
-73.7687438
-74.6011489
-74.1996787
-74.1267887
-73.8839984
-73.6360728
-74.25
-74.016438
-74.0705376
-73.6916219
-74.3709551
-73.6425083
-74.3017917
-74.3017917
-72.7849178
-74.139034
-72.7778408
-73.9999366
-73.5295368
-72.7403614
-74.0181148
-74.0208384
-74.0237501
-74.019363
-73.6907934
-73.5970301
-74.0152618
-74.0205338
-74.0900432
-74.047564
-73.7262248
-73.9808695
-73.9725552
-73.6533649
-73.6533649
-73.5106914
-74.0957714
-73.3514138
-73.4359849
-73.9391609
-74.2069936
-73.4279629
-73.9216335
-72.517454
-72.4646299
-73.9848789
-72.4531462
-74.3035322
-73.4566748
-73.8863359
-73.4357447
-73.4357447
-73.436953
-73.4318343
-73.8622513
-73.4445172
-73.3508161
-73.4727806
-73.9221608
-73.5983387
-73.7842415
-73.8408837
-73.918747
-73.8525366
-74.070336
-73.7649733
-73.7071294
-73.9229023
-73.9802939
-73.8170611
-73.8192093
-74.1252379
-73.812238
-73.7623532
-73.9859006
-73.803558
-73.932463
-73.6645988
-73.9103693
-73.6550118
-73.784636
-73.48464
-73.867943
-73.7528023
-72.2591819
-73.119143
-73.6195003
-73.6466848
-73.6197059
-73.8180439
-73.8180439
-73.6144057
-73.7860625
-73.2051823
-73.7465654
-73.7462754
-73.6244118
-72.7133014
-73.6219817
-73.624523
-74.0504182
-72.2332135
-73.852245
-74.2020797
-73.185503
-73.4564612
-73.1783713
-73.8759666
-74.0291083
-73.748988
-73.7156569
-73.2732441
-73.7333986
-74.0361017
-73.6985908
-73.7107649
-73.7437587
-73.7437587
-73.0187902
-74.2772823
-73.6872689
-73.4107227
-72.7435254
-74.2267334
-72.740534
-74.014368
-73.8600557
-73.7873491
-73.871832
-72.7311691
-73.8191314
-72.2417265
-73.67612
-73.4849965
-72.1617008
-72.7438288
-72.7358743
-73.7306972
-73.7131554
-73.7835558
-73.704389
-73.9559011
-73.7297366
-73.4781084
-72.23354
-73.4381463
-73.723959
-72.9539293
-73.8656051
-73.864914
-73.720937
-72.2283884
-73.1297152
-73.5094604
-73.5111735
-73.9649198
-73.8062283
-73.962464
-73.9179281
-73.6938383
-73.6510749
-73.6705568
-73.9108889
-73.9609896
-73.465722
-72.945868
-73.4950321
-73.684744
-73.9846212
-73.9846212
-73.8311919
-73.8378248
-73.6893836
-73.8037634
-73.2236865
-72.624243
-72.624243
-73.699293
-74.129373
-73.576862
-73.829128
-73.4585954
-73.7956149
-73.7939565
-73.3747383
-73.823013
-73.6221078
-73.8682341
-68.4467278
-65.9951159
-70.0262349
-67.097287
-66.3788778
-66.3748219
-66.3748219
-66.392096
-66.3280552
-66.846202
-66.846202
-67.3903785
-65.729544
-66.5606484
-67.59703
-65.1334819
-65.4942046
-64.8545084
-64.1474413
-67.5077903
-68.2315642
-68.2559427
-67.5788709
-67.5968302
-63.60919
-64.3760911
-67.5491316
-64.4973373
-64.4838157
-67.430662
-67.430662
-68.6433319
-68.1935348
-65.9909569
-66.3129068
-65.8473949
-68.8465568
-66.1250257
-66.1139794
-68.3859332
-65.535594
-64.5890283
-66.6318892
-66.7153802
-64.6616966
-64.6616966
-64.5623423
-64.308182
-64.896447
-68.503548
-68.503548
-68.5085234
-68.5127089
-68.4888337
-65.5053277
-68.4989748
-68.4987544
-65.483629
-65.4951565
-68.5245823
-68.5312403
-66.9410995
-65.2369394
-67.053659
-69.0767728
-67.1860326
-65.2526091
-68.5719911
-67.2497564
-69.101622
-69.1761488
-67.097287
-69.6892429
-69.4071115
-69.3968789
-69.4536913
-69.1652622
-69.5448519
-61.862607
-69.1548715
-69.8006329
-69.7156647
-68.8833333
-68.6495184
-68.6495184
-68.8310293
-68.8088156
-70.0779687
-69.5369973
-69.5236263
-69.551675
-69.5482516
-69.5512672
-69.5525065
-69.5536813
-69.5549633
-70.2
-69.8815421
-69.6223568
-69.224318
-69.2603917
-71.111281
-71.111281
-70.8824591
-70.8987896
-70.9002092
-71.0892351
-69.8268706
-71.0808376
-71.0526385
-70.2343039
-71.0549784
-71.0553013
-71.0586272
-71.0619308
-71.076451
-71.0769231
-71.0686156
-71.0159299
-71.0159299
-71.0724839
-71.071646
-70.1511652
-70.1511652
-70.221117
-70.221117
-70.1762677
-71.110271
-71.1139681
-71.1139681
-71.1060352
-71.170109
-71.2945265
-71.2104967
-71.2144032
-71.2290566
-70.0141805
-70.0336736
-70.0375125
-71.81944
-71.6390327
-71.6464538
-71.6660917
-70.5216265
-71.6619996
-70.1683332
-70.3787954
-71.9253176
-71.6609379
-70.6022451
-69.926801
-69.8706972
-70.2694167
-69.7782716
-72.2283884
-72.23354
-72.2417265
-70.3353115
-61.748915
-70.4405037
-72.2332135
-72.2591819
-70.7591119
-72.517454
-72.1617008
-70.0220329
-70.1968154
-70.1714035
-72.4531462
-70.5604139
-72.4646299
-70.5646393
-70.5646393
-70.5646393
-70.0030142
-70.5734611
-70.8427478
-70.5970718
-70.3431873
-70.6317138
-70.8881597
-70.4366757
-70.7281181
-70.6925392
-70.362228
-70.9154713
-70.094257
-71.0162351
-70.2968895
-72.7435254
-72.740534
-72.7311691
-72.7358743
-72.7438288
-72.6565368
-72.7133014
-72.7550228
-72.7484043
-72.624243
-72.624243
-72.4759573
-72.5673298
-72.5313573
-72.5510473
-72.5894358
-72.584572
-72.579728
-72.579728
-72.577589
-72.5826038
-72.59492
-72.5993568
-72.5398941
-72.5678725
-72.5648475
-72.4298566
-72.5679721
-72.5679721
-72.5031794
-72.6726996
-72.6726996
-72.338919
-72.5444322
-72.3247356
-72.4363749
-72.4600598
-72.9539293
-72.5071461
-72.5071461
-72.945868
-72.6058799
-72.6083711
-72.2672062
-72.211101
-72.3792179
-72.198334
-73.0187902
-72.2505767
-72.1588718
-72.1318091
-72.130331
-72.7154819
-72.3082701
-73.119143
-72.1080726
-72.1778347
-72.0618559
-72.3236181
-72.325974
-72.8100531
-72.043543
-72.0320011
-73.3514138
-72.4662911
-72.3775819
-72.6144913
-72.2286906
-71.9717029
-71.9709862
-72.0032957
-72.0047627
-72.2526074
-73.1297152
-73.1783713
-71.9430454
-73.2051823
-73.185503
-73.098437
-73.0956322
-73.1033757
-72.85326
-72.204526
-73.4359849
-73.3508161
-73.4279629
-73.5295368
-73.6360728
-72.5133744
-72.238405
-73.5106914
-72.5214878
-72.5176509
-72.5203713
-72.5151872
-73.2732441
-72.5158771
-73.2236865
-72.4914366
-72.4914366
-71.8329933
-72.4884395
-73.6425083
-73.4357447
-73.4357447
-73.4318343
-71.809902
-73.436953
-72.4970134
-73.4566748
-72.0878624
-72.4754145
-72.0614461
-72.0006895
-71.9544154
-71.9544154
-73.1641984
-73.4445172
-73.8161457
-73.5970301
-71.6948285
-71.6948285
-71.941898
-71.9421134
-71.6785214
-71.7714201
-71.7682357
-73.6916219
-71.9270398
-71.7637034
-73.7687438
-73.2852871
-71.6083994
-73.4727806
-71.5916012
-73.2536994
-71.986496
-71.986496
-73.9150069
-73.9150069
-71.9941389
-73.1591803
-73.6533649
-73.6533649
-73.6907934
-72.062911
-73.4107227
-73.3747383
-72.7778408
-73.48464
-72.7849178
-73.4564612
-73.7262248
-71.5283889
-72.7403614
-73.4381463
-73.8839984
-73.1872808
-73.005309
-72.9778488
-72.9683797
-73.5983387
-71.4507797
-72.9264259
-73.4781084
-72.9656721
-72.9572089
-72.9572089
-73.4849965
-73.465722
-73.4585954
-71.3763609
-73.4494214
-71.3722797
-71.9270799
-74.0680218
-71.9288929
-73.999663
-71.3463492
-71.3588834
-73.4950321
-71.3500201
-72.1257179
-73.5094604
-71.3416977
-73.5111735
-72.5252918
-71.330994
-71.3396893
-71.3154861
-71.3084589
-71.4114636
-73.4315596
-73.3779263
-71.3077667
-71.291902
-73.1942049
-71.2887587
-71.2842909
-71.2827959
-71.2821248
-71.7246842
-71.2987181
-71.286339
-71.2766509
-71.2779275
-71.2895279
-71.2769316
-71.320757
-71.9377643
-71.2753477
-71.2753477
-71.2744235
-73.6144057
-73.1751288
-73.6195003
-71.2699975
-71.26968
-71.26968
-73.6197059
-73.2143876
-71.297794
-71.2916938
-71.2714762
-73.2018676
-74.2065292
-71.264176
-71.2605417
-71.2608245
-71.2421429
-71.2761621
-73.6244118
-74.2205446
-73.6219817
-73.2092329
-73.624523
-71.8116118
-73.2082085
-73.6645988
-74.0650125
-71.2112063
-71.2624411
-71.2699484
-71.2521853
-71.2521853
-73.6550118
-73.3271014
-72.0872744
-73.5056194
-71.254668
-73.6466848
-71.2475349
-73.3273122
-73.3273122
-73.4503326
-71.2047479
-71.2198508
-73.7071294
-71.2180916
-73.4454724
-73.5183789
-71.2141343
-73.576862
-73.5600463
-71.326945
-74.016438
-71.21739
-71.1788086
-71.209926
-71.209926
-73.4059513
-71.2057595
-71.1785671
-71.1785671
-71.3002791
-71.201459
-73.547031
-71.1720319
-71.2850941
-71.1709185
-71.1709185
-71.1711047
-73.524409
-71.16207
-73.559813
-71.1863497
-72.3147793
-73.4690714
-73.4690714
-73.5394172
-75.7511393
-75.7408525
-75.91916275
-75.73469
-75.76937
-75.7679092
-75.6538102
-75.69440333
-75.68924027
-75.69440333
-75.63746671
-75.7679092
-75.76937
-75.51368
-75.68924027
-75.50362288
-75.4846337
-75.63746671
-75.51368
-75.4846337
-75.50362288
-75.68924027
-74.5971775
-74.0187345
-74.0187345
-73.83048122
-73.83048122
-73.733271
-73.56892
-73.56892
-73.56892
-73.733271
-73.7834611
-73.733271
-73.74993732
-73.83048122
-73.74993732
-73.733271
-73.56892
-73.56892
-73.7834611
-73.74993732
-73.733271
-73.83048122
-73.83048122
-57.9215742
-57.9215742
-57.9215742
-52.83596889
-52.81699861
-52.81699861
-52.83596889
-52.78214728
-52.71604698
-52.83596889
-52.81699861
-52.78214728
-52.71604698
-64.53520005
-63.67293125
-63.58116785
-63.67538616
-62.66309888
-63.31434106
-61.99825402
-63.14635
-63.77860103
-63.77860103
-64.831896
-64.8298
-64.7673567
-65.97030847
-66.04368225
-65.49117274
-65.6780622
-72.75336081
-72.52079
-72.52079
-72.52079
-72.52079
-73.46177773
-71.0557528
-75.7511393
-75.7408525
-75.91916275
-75.73469
-75.76937
-75.7679092
-75.6538102
-75.69440333
-80.94602988
-79.46608
-79.44285
-84.31917
-84.31881813
-89.243708
-97.93255853
-99.96182574
-97.93255853
-96.89796773
-97.14487
-97.14487
-97.200831
-97.31359377
-97.14844
-97.14487
-97.200831
-97.14844
-97.0603622
-97.15248
-97.0603622
-97.15248
-97.31359377
-97.200831
-97.14844
-97.31359377
-97.200831
-97.15248
-97.0603622
-97.14844
-97.15248
-97.15248
-97.200831
-97.14844
-99.96182574
-99.96182574
-99.96182574
-102.9627126
-105.5236474
-104.618225
-104.5456883
-104.5951959
-105.5236474
-107.781275
-107.781275
-105.5236474
-107.781275
-107.781275
-110.6467889
-110.6492151
-107.781275
-107.781275
-105.5236474
-105.5236474
-104.618225
-104.5951959
-104.618225
-104.5951959
-104.5456883
-104.5456883
-104.5951959
-104.618225
-104.5456883
-104.5456883
-104.5951959
-104.618225
-102.44929
-102.44929
-102.44929
-104.5951959
-104.5456883
-104.618225
-106.6208073
-106.6186676
-106.6546267
-106.75881
-105.73213
-105.7583573
-104.5951959
-108.2749502
-106.75881
-106.6546267
-106.6186676
-106.6208073
-108.2749502
-105.7583573
-105.73213
-108.2749502
-110.2036879
-105.7583573
-105.73213
-108.2749502
-110.0542818
-106.6546267
-106.6186676
-106.75881
-106.6208073
-105.5236474
-107.781275
-114.3264848
-112.7927709
-110.6492151
-110.6467889
-110.6467889
-110.6492151
-112.7927709
-112.8401333
-110.6492151
-110.6467889
-112.8401333
-112.7927709
-113.98358
-113.98358
-114.05412
-113.9906668
-114.153
-114.153
-114.0905838
-114.082115
-113.9819309
-113.9819314
-114.1703228
-114.0682243
-114.05412
-113.9906668
-114.01347
-113.9819309
-113.9819314
-114.0905838
-114.082115
-114.153
-114.153
-113.9815278
-114.4692162
-114.153
-114.153
-114.1703228
-114.05412
-114.0905838
-114.082115
-114.06522
-114.0682243
-114.06583
-114.082115
-113.9815278
-114.1703228
-114.0905838
-113.9706125
-113.9819314
-113.9819309
-114.153
-114.153
-114.06583
-114.06522
-113.9706125
-114.0682243
-113.98358
-114.1703228
-113.9815278
-114.082115
-113.9815278
-113.9819314
-113.9819309
-113.9706125
-113.9906668
-114.0682243
-114.06522
-114.082115
-114.0905838
-114.06583
-114.01347
-114.05412
-113.9906668
-113.9819314
-113.9819309
-114.01347
-113.98358
-113.98358
-115.75379
-119.5789884
-119.4325046
-119.4381293
-119.27377
-119.2689167
-119.2628993
-114.4692162
-114.01347
-114.153
-114.153
-114.05412
-114.1703228
-114.1365014
-114.0905838
-114.082115
-113.81609
-113.5682082
-112.85907
-113.5682082
-113.4865881
-113.4956688
-113.6075537
-113.4946358
-113.3734096
-113.5682082
-113.4165389
-113.6154893
-113.5252792
-113.6154201
-113.3734096
-113.30184
-113.4165389
-113.4865881
-113.4956688
-113.4946358
-113.4083909
-113.5252792
-113.30184
-113.2118887
-113.4083909
-113.4165389
-113.3734096
-113.4946358
-113.5252792
-113.4956688
-113.5486591
-113.4865881
-113.4083909
-113.5486591
-113.6080731
-113.5252792
-113.4165389
-113.30184
-113.4946358
-113.6154201
-113.2118887
-113.6154893
-113.6154893
-113.6154201
-113.6075537
-113.5252792
-113.9081001
-113.4956688
-113.4946358
-113.4865881
-113.6080731
-113.4946358
-113.5252792
-113.4956688
-113.4165389
-113.6154893
-113.6154201
-113.4865881
-113.5486591
-113.3734096
-113.2118887
-113.4083909
-113.30184
-113.2118887
-110.2036879
-118.8201142
-115.6694733
-114.40608
-115.6694733
-115.6694733
-110.6492151
-110.6467889
-121.95878
-122.31914
-122.31232
-122.35169
-121.95878
-122.31914
-122.35169
-122.31232
-122.6671208
-122.35169
-122.31914
-122.31232
-122.6671208
-122.7397375
-122.6671208
-122.7397375
-122.8012033
-122.6651084
-122.8012033
-122.7397375
-122.6671208
-122.89044
-122.8012033
-122.89044
-122.7397375
-122.8012033
-122.89044
-123.13656
-123.13144
-123.08304
-123.0825655
-123.00597
-123.1065678
-122.97486
-123.1065678
-123.0825655
-123.13144
-123.08304
-123.13656
-123.1341145
-123.2421922
-123.1065678
-123.1341145
-123.13144
-123.13656
-123.12042
-123.0825655
-123.2421922
-123.1341145
-123.1221739
-123.12042
-123.11518
-123.1391824
-123.12213
-123.12213
-123.1391824
-123.1221739
-123.11518
-123.12042
-123.12213
-123.1391824
-123.0094648
-123.1221739
-123.11518
-122.81661
-122.8974
-123.0094648
-122.8609187
-122.81661
-122.8974
-122.8609187
-123.0094648
-122.8492004
-122.84534
-122.8609187
-122.8974
-122.89044
-122.84534
-122.8492004
-122.7397375
-122.6671208
-122.89044
-122.6651084
-122.6671208
-122.7397375
-122.84534
-122.6651084
-122.31914
-122.6671208
-122.35169
-122.31232
-122.84534
-122.8492004
-122.8609187
-122.81661
-122.8974
-122.6651084
-122.8974
-122.8609187
-122.97486
-122.8492004
-122.84534
-123.00597
-123.02353
-123.00597
-122.97486
-123.0094648
-123.0415286
-123.0825655
-123.08304
-123.1065678
-123.0415286
-123.02353
-123.0825655
-123.1341145
-123.08304
-123.1341145
-123.1065678
-123.12042
-123.11518
-123.1221739
-122.8492004
-122.84534
-122.89044
-122.8609187
-122.81661
-122.8609187
-122.8974
-122.6651084
-123.12213
-123.1391824
-123.1221739
-123.11518
-123.12042
-123.1391824
-123.12213
-123.1221739
-123.2421922
-123.12042
-123.11518
-123.1341145
-120.37255
-119.4381293
-119.4325046
-119.2628993
-119.2689167
-119.27377
-119.2898252
-115.75379
-120.83418
-128.5898665
-122.75793
-128.5898665
-125.25673
-124.9769255
-125.25673
-124.5206951
-125.25673
-125.25673
-125.25673
-124.5206951
-123.2421922
-124.78656
-124.9769255
-124.9762361
-125.25673
-124.03868
-123.9679345
-124.05033
-123.9679345
-123.70328
-123.5051855
-123.37424
-123.35771
-123.3663336
-123.35771
-123.37424
-123.35771
-123.37424
-123.3663336
-123.35771
-123.37424
-123.3663336
-123.5051855
-123.37424
-123.35771
-123.3663336
-123.5051855
-123.3663336
-123.37424
-123.35771
-123.5051855
-123.3663336
-123.70328
-123.5051855
-128.5898665
-135.0596188
-120.83418
-122.75793
-122.1454373
-122.1454373
-122.337787
-122.486
-119.5789884
-75.7511393
-75.7408525
-75.91916275
-75.73469
-75.76937
-75.7679092
-75.6538102
-75.69440333
-75.7408525
-75.6538102
-75.6314132
-75.7511393
-75.6989553
-76.48327071
-76.5678109
-77.4044
-78.19779
-78.68024
-78.94371866
-78.87582125
-79.026064
-79.06844
-78.68024
-79.13070167
-79.13402
-79.29135286
-79.35225583
-79.39223
-79.42262234
-79.27184952
-79.25395
-79.41556
-79.31211
-79.19677
-79.412616
-79.4709573
-79.6000779
-79.5413764
-79.64523715
-79.69739815
-79.66370847
-79.62362
-79.55195
-79.4700725
-79.56917395
-79.4664952
-79.4709573
-79.36401
-79.37807846
-79.38744692
-79.42758379
-79.39060667
-79.2898
-79.3772455
-79.39897296
-79.4664952
-79.4700725
-79.2841259
-79.68106344
-79.8081769
-79.64685985
-79.81284032
-79.69273
-79.72949
-79.8713099
-79.95532
-79.94467
-80.24797925
-79.9109525
-79.86401
-79.80869333
-79.79039865
-79.7616175
-79.86401
-79.80869333
-79.24987
-79.26929
-79.24885826
-79.11393055
-79.24987
-78.76198
-79.24987
-79.79039865
-80.30788
-80.72937
-80.32256
-80.24797925
-80.32515
-80.44121
-80.48926165
-80.27616264
-80.23639
-79.8713099
-80.73782651
-80.24797925
-80.72937
-81.17402
-81.28091817
-81.22307
-81.1723
-81.23147
-81.27336
-81.17402
-81.28318429
-81.28786
-81.61281397
-82.35197
-82.35197
-82.21772833
-82.59727022
-82.9641383
-82.9641383
-83.01829253
-82.94135
-80.92203
-80.92203
-79.68763
-79.71424174
-79.882015
-78.76655
-78.32345333
-78.34724
-76.12075439
-79.44411
-79.33059166
-79.20537
-79.33059166
-79.20537
-79.44285
-79.46608
-79.46608
-79.44285
-80.94602988
-84.31881813
-84.31917
-84.31917
-84.31881813
-89.243708
-89.243708
-89.243708
-81.38087031
-81.37822579
-81.38087031
-81.37822579
-75.7511393
-75.7408525
-75.91916275
-75.73469
-75.76937
-75.7679092
-75.6538102
-75.69440333
-74.7346015
-74.7346015
-75.50362288
-75.4846337
-75.51368
-75.63746671
-75.6538102
-75.69440333
-75.68924027
-75.6080374
-75.7140466
-75.5921304
-75.858758
-75.6282127
-75.801434
-75.7040961
-75.7249127
-75.6433382
-75.720871
-75.6712286
-75.6024855
-75.6999233
-75.5082483
-75.6595532
-75.8381915
-75.6004714
-75.7927047
-75.7303596
-75.5636287
-75.7064793
-75.740539
-75.6671344
-75.8956709
-79.5228315
-79.489528
-79.4428964
-79.4370869
-79.3769237
-79.3775295
-79.3581469
-79.382831
-79.387381
-79.375467
-79.364368
-79.350712
-79.390656
-79.338388
-79.363689
-79.437917
-79.440572
-79.363108
-79.399188
-79.466672
-79.446552
-79.34514999
-79.487051
-79.291553
-79.455439
-79.362679
-79.452968
-79.43531303
-79.51799
-79.503621
-79.287963
-79.286089
-79.647491
-79.64939296
-79.64724591
-79.640109
-79.65714255
-79.593492
-79.693069
-79.69602585
-79.711202
-79.58013296
-79.623085
-79.5694545
-79.568923
-79.556178
-79.681166
-79.684605
-79.777021
-79.51799
-79.735473
-79.786451
-79.7224575
-79.725663
-79.719823
-79.682075
-79.487051
-79.811264
-79.786902
-79.814103
-79.82422409
-79.790788
-79.82854843
-79.8083118
-79.808056
-79.853669
-79.780894
-79.85144377
-79.765546
-79.786473
-79.865541
-79.78975
-79.867305
-79.76361
-79.759913
-79.75201313
-79.794805
-79.73500371
-79.861703
-79.72705364
-79.72690344
-79.936878
-79.867305
-79.865541
-79.882488
-79.861703
-79.864207
-79.834449
-79.936878
-79.85144377
-79.939056
-79.944938
-79.78975
-79.794805
-79.853669
-79.954277
-79.844495
-79.81249809
-79.76361
-79.97625525
-79.759913
-79.75201313
-79.82854843
-79.811264
-79.82422409
-79.814103
-79.789443
-79.56865311
-79.53500748
-79.3959403
-79.75201313
-79.759913
-79.76361
-79.789443
-79.78975
-79.794805
-79.81249809
-79.834449
-79.844495
-79.270399
-79.786902
-79.264147
-79.861703
-79.864207
-79.790788
-79.867305
-79.811264
-79.865541
-79.780894
-79.814103
-79.882488
-79.765546
-79.2400285
-79.25073566
-79.249741
-79.23683167
-79.209083
-79.295198
-79.198576
-79.247637
-79.124145
-79.206994
-79.115021
-79.270399
-79.209487
-79.209576
-79.205249
-79.264147
-79.06579256
-79.19906616
-79.08984661
-79.3959403
-79.231893
-79.2283965
-78.96513462
-79.53500748
-78.92099314
-79.65688705
-79.53500748
-79.56865311
-79.789443
-79.81249809
-79.844495
-79.834449
-79.75201313
-79.794805
-79.759913
-79.76361
-79.3959403
-79.78975
-79.864207
-79.861703
-79.882488
-79.295198
-79.867305
-79.939056
-79.865541
-79.944938
-79.954277
-79.25073566
-79.249741
-79.2400285
-79.65688705
-79.53500748
-79.56865311
-79.789443
-79.81249809
-79.844495
-79.834449
-79.75201313
-79.794805
-79.759913
-79.76361
-79.3959403
-79.78975
-79.864207
-79.861703
-79.882488
-79.295198
-79.867305
-79.939056
-79.865541
-79.944938
-79.954277
-79.25073566
-79.249741
-79.2400285
-80.107517
-80.120933
-80.120933
-80.31160355
-80.35683632
-80.29383659
-80.22536516
-80.259421
-80.4967014
-80.237044
-80.26594162
-79.65688705
-79.97625525
-79.954277
-79.844495
-79.944938
-79.939056
-79.789443
-79.81249809
-80.39895773
-79.864207
-79.882488
-79.861703
-79.834449
-79.936878
-81.238373
-81.186365
-81.278704
-81.283722
-81.223862
-81.222818
-81.17287159
-81.1540103
-81.295334
-81.370473
-81.163365
-81.175752
-81.624236
-81.55062318
-80.765977
-81.49520874
-81.691362
-81.46911332
-80.730395
-80.72952
-81.68128967
-81.71085835
-80.95801592
-80.963075
-82.222912
-82.08641052
-82.10589409
-82.38478
-82.33446121
-81.970986
-81.970986
-82.385026
-81.808861
-82.45878696
-81.83509827
-82.7174859
-83.0421125
-83.015212
-83.010273
-83.07854891
-83.026817
-82.946729
-83.06058884
-82.96849251
-82.94703484
-82.84935951
-83.1124413
-82.7174859
-82.60030031
-82.40716
-82.383857
-82.36018
-82.353664
-82.164958
-82.385026
-80.489157
-80.517647
-80.454857
-80.460974
-80.453292
-80.435485
-80.523928
-80.4688765
-80.531429
-80.532991
-80.536868
-80.338691
-80.326114
-80.325926
-80.322239
-80.305429
-80.293596
-80.29617548
-80.280152
-80.274936
-80.276416
-80.236212
-80.233418
-80.239985
-80.20294189
-79.72057343
-79.76881742
-79.820479
-79.697448
-79.719823
-79.725663
-79.697553
-79.7224575
-79.735473
-79.801657
-79.594219
-79.69602585
-79.65714255
-79.693069
-79.777021
-79.575189
-79.786451
-79.623085
-79.725254
-79.565767
-79.556766
-79.64724591
-79.711202
-79.838355
-79.535348
-80.963075
-80.95801592
-80.83843231
-80.934585
-80.517647
-81.295334
-80.536868
-80.523928
-80.532991
-80.531429
-81.46911332
-80.489157
-81.1540103
-80.4688765
-81.49520874
-80.460974
-80.453292
-80.454857
-80.765977
-81.17287159
-81.186365
-80.435485
-81.278704
-81.283722
-81.238373
-80.74388981
-80.672975
-80.729634
-81.11000061
-80.541188
-80.849067
-80.84770203
-81.012189
-81.159968
-81.26226425
-81.31017
-80.58171272
-81.285665
-81.293174
-80.31609
-80.40790558
-80.934585
-80.6493
-80.907862
-80.89113235
-80.853876
-81.12038612
-81.145103
-80.94546318
-81.141013
-81.141013
-81.266459
-80.604923
-81.33419037
-81.374272
-80.6493
-80.46736479
-80.84770203
-80.849067
-81.012189
-80.58171272
-81.622652
-81.61331177
-81.31017
-81.26226425
-81.285665
-81.293174
-81.685884
-81.159968
-81.11000061
-81.527616
-81.012189
-81.691362
-81.49520874
-81.46911332
-81.624236
-82.164958
-82.353664
-81.295334
-81.527616
-82.383857
-82.36018
-79.698724
-79.723997
-79.709689
-79.732361
-79.687775
-79.447615
-79.8713994
-79.35154438
-79.31201935
-79.877224
-79.864231
-79.454078
-79.882953
-79.419545
-79.45020676
-79.409579
-79.800805
-79.558283
-79.888561
-79.47922
-79.20071
-79.482202
-79.856429
-80.181362
-79.473337
-79.352349
-79.344867
-79.29004669
-79.38905239
-79.304167
-79.258867
-79.384861
-79.414799
-79.25497
-79.421508
-79.273304
-79.264621
-79.252277
-79.42456157
-79.440778
-79.260654
-79.43194
-79.279102
-79.258689
-79.310014
-79.47157958
-79.412439
-79.27772999
-79.278343
-79.362679
-79.025363
-79.026848
-79.007925
-79.058776
-79.066937
-79.060011
-78.966546
-78.904751
-78.89257085
-78.871865
-78.867987
-78.958154
-78.83785558
-79.197669
-78.87441158
-78.850493
-78.907862
-79.252277
-79.25497
-79.258867
-79.264621
-79.260654
-79.258689
-79.273304
-78.75523567
-78.31990944
-78.323024
-78.341236
-78.326461
-78.336507
-78.347307
-78.273769
-78.559769
-78.12822
-78.320103
-78.710569
-78.73448
-78.734497
-78.74084712
-78.756033
-78.196667
-78.196343
-78.196434
-78.165892
-78.165892
-78.17784229
-78.740019
-78.73682
-77.7223162
-77.384152
-77.38431573
-77.404111
-77.406721
-77.387459
-77.57859349
-77.58467674
-77.2037816
-77.14084625
-77.609587
-77.7223162
-77.759612
-76.961349
-77.64347076
-76.823592
-76.90515518
-76.99498773
-76.77663714
-76.483373
-76.490624
-76.461304
-76.514643
-76.567758
-76.568174
-76.565737
-76.563773
-76.568953
-76.6423106
-76.69656515
-76.72565639
-76.58995
-76.77663714
-76.823592
-76.80756569
-76.961349
-76.90515518
-76.0446167
-76.17095947
-76.99498773
-76.098066
-76.01618528
-76.16872787
-76.249398
-75.86866379
-76.31884575
-76.21584892
-76.08133
-76.17095947
-76.39137268
-76.14272118
-76.140409
-75.69665909
-76.54724121
-76.43188477
-75.69906
-76.001524
-75.700927
-76.50947571
-76.18660212
-76.18285775
-76.66173935
-76.0446167
-75.75047493
-75.86866379
-75.74192
-76.01618528
-75.281057
-76.001524
-76.08133
-75.722415
-75.726102
-75.89411222
-75.729239
-75.79910525
-75.654163
-75.734787
-75.919486
-75.908972
-75.30024469
-75.27784958
-75.60067892
-76.14272118
-76.140409
-75.614083
-76.098066
-75.69665909
-75.694328
-74.970926
-74.64875221
-74.65274334
-74.875597
-74.64008331
-75.091615
-74.51412678
-74.8050499
-74.734397
-75.1619339
-75.27784958
-75.30024469
-75.281057
-75.35164118
-75.696734
-75.694328
-75.648909
-75.65527352
-75.614083
-75.654163
-75.734787
-75.60067892
-75.729239
-75.726102
-75.722415
-75.79910525
-75.50290704
-75.504061
-75.485998
-75.74192
-75.908972
-75.89411222
-75.919486
-75.75047493
-75.35164118
-75.30024469
-76.001524
-75.27784958
-75.1619339
-76.18285775
-76.18660212
-76.140409
-76.14272118
-76.29159451
-76.001524
-76.08133
-75.919486
-76.48715973
-75.908972
-75.89411222
-76.43188477
-76.3740859
-76.21584892
-76.37798309
-76.39137268
-76.50947571
-75.79910525
-76.53711319
-75.75047493
-75.74192
-75.726102
-75.734787
-75.729239
-75.722415
-77.18719482
-77.05673218
-77.13582516
-76.83485985
-77.54751205
-77.55875587
-77.45756149
-76.99498773
-76.66173935
-77.58776665
-77.20556259
-78.50949
-78.53954315
-78.59876633
-78.34968567
-78.42521667
-78.34762573
-78.59653473
-78.666159
-78.14334869
-78.880625
-78.046639
-77.99838066
-78.04369926
-77.92945862
-78.909412
-77.89092064
-78.740019
-78.73682
-78.756033
-78.74084712
-78.734497
-78.73448
-78.710569
-78.980006
-79.14894104
-79.20071
-79.31201935
-78.559769
-79.409579
-79.419545
-78.666159
-79.35154438
-79.45020676
-79.454078
-78.96530628
-78.97118568
-78.341236
-79.77275848
-79.938127
-79.989275
-79.99905109
-79.43922043
-79.86270905
-79.240677
-79.23797
-79.227935
-80.05016327
-79.332108
-79.247381
-79.323296
-79.371183
-79.38652039
-80.19023895
-79.850776
-80.23057938
-79.77275848
-79.938127
-79.989275
-79.99905109
-79.43922043
-79.86270905
-79.240677
-79.23797
-79.227935
-80.05016327
-79.332108
-79.247381
-79.323296
-79.371183
-79.38652039
-80.19023895
-79.850776
-80.23057938
-77.641197
-77.46082306
-77.39696503
-77.34134674
-77.73462296
-77.67349005
-77.27010727
-77.24133253
-77.2332859
-77.884959
-77.66183853
-77.36125946
-77.82302856
-77.1127367
-77.1023941
-77.80264378
-77.08359718
-77.09312439
-77.20556259
-77.92890072
-77.58776665
-78.04369926
-76.995609
-77.12764978
-77.88684368
-78.72337103
-78.705434
-78.705434
-77.44880676
-77.30819464
-77.29665041
-77.25658894
-77.46082306
-77.641197
-77.161121
-77.27010727
-77.34134674
-77.12764978
-79.36283112
-79.41570282
-79.38652039
-79.155291
-79.33708191
-79.43922043
-79.720459
-79.646417
-79.3611619
-79.247381
-79.51857
-79.850776
-79.1513443
-79.362121
-79.35456991
-79.86270905
-79.36104208
-80.55601062
-80.38108349
-80.40859222
-80.19023895
-81.50328755
-81.85913086
-81.83936834
-81.75643
-81.86711311
-81.78462982
-81.36474609
-80.944116
-80.97321331
-80.9439979
-80.938159
-80.942939
-80.986199
-80.90229034
-81.011579
-81.00717545
-81.02977478
-81.09068871
-81.07944489
-80.99593163
-81.24544144
-81.25865936
-81.36474609
-80.4624939
-80.374697
-79.44264
-79.437415
-79.466261
-79.487249
-79.466241
-79.410772
-79.465692
-79.36104208
-79.35456991
-79.362121
-79.51857
-79.3611619
-79.12950039
-79.84210968
-79.33708191
-79.1513443
-79.646417
-79.720459
-80.00741959
-80.04992723
-80.20229816
-82.642107
-82.66510248
-82.896117
-82.36166954
-83.222592
-82.08812714
-82.078153
-84.331328
-84.33229
-84.319128
-84.33757782
-84.02498245
-84.032865
-84.01210785
-83.88353348
-83.793793
-79.88293
-79.91077423
-79.950753
-79.69568253
-79.80288506
-79.780992
-80.10110378
-80.13616562
-79.542384
-79.63062286
-79.7470567
-80.34919739
-80.03967
-80.19058228
-79.64113712
-79.75730896
-79.65199471
-80.44240952
-80.57549
-80.90623856
-81.74240112
-84.826059
-84.549438
-83.259634
-83.64715576
-87.101436
-98.538893
-98.0016134
-98.8822353
-98.272878
-97.964611
-98.098084
-96.704209
-97.6342389
-96.875687
-100.017943
-101.251492
-101.353661
-99.902964
-100.920034
-99.732144
-100.590721
-99.8386491
-99.357849
-101.85611
-101.231842
-97.873059
-97.098932
-97.215346
-97.059686
-97.098925
-97.197656
-97.206562
-97.11943
-97.3440926
-97.3107635
-97.2606903
-99.2388062
-99.9499874
-101.050011
-98.751589
-100.0600458
-97.0401533
-96.8896471
-97.1525049
-99.961708
-96.9844937
-100.5998291
-99.664952
-97.3730553
-97.3162867
-99.341467
-97.213867
-99.955454
-97.2013611
-97.0663673
-97.1525085
-97.2005606
-97.0599798
-97.1442605
-97.1482598
-97.3142276
-99.9601094
-97.9309869
-96.6915102
-96.8883117
-97.133066
-97.0678137
-96.5622361
-97.1550149
-97.2979543
-99.2891025
-100.5215318
-98.106163
-97.1748324
-100.431155
-100.0374001
-97.1549299
-95.932054
-97.909908
-99.9291958
-105.7309843
-104.6303249
-106.6006022
-106.6186676
-104.5320699
-106.7588909
-106.6197253
-106.6502946
-104.619239
-104.5462929
-105.9905225
-108.4941872
-108.0392125
-106.5956807
-104.579751
-102.4705292
-104.1862003
-108.6995535
-104.5288393
-103.8335913
-105.4688071
-105.7375782
-106.6539794
-103.80147
-109.158169
-108.9583963
-104.0449903
-107.8131984
-104.9535059
-107.5174338
-108.4070544
-106.7066695
-106.5893325
-106.6556026
-106.664869
-106.3429778
-107.9868333
-104.545845
-104.6705362
-104.6108947
-104.5759432
-104.6192026
-101.697636
-105.7529586
-105.7395973
-102.658817
-107.4880429
-103.2542375
-107.0450303
-104.0009272
-113.6020446
-114.0502951
-113.9527187
-113.5806626
-113.8239951
-113.786252
-123.3641206
-123.3656648
-123.359388
-123.3692
-123.3986545
-123.3758628
-123.3338554
-123.3879385
-123.3903049
-123.3889206
-123.4419083
-123.4993578
-123.5007366
-123.5172191
-123.4578885
-123.5855711
-123.70113
-123.4123525
-123.5610091
-123.7021522
-123.5170851
-123.7174877
-123.7212744
-123.0685212
-123.8223235
-123.3641206
-123.3656648
-123.359388
-123.3692
-123.3986545
-123.3758628
-123.3338554
-123.3879385
-123.3903049
-123.3889206
-123.4419083
-123.4993578
-123.5007366
-123.5172191
-123.4578885
-123.5855711
-123.70113
-123.4123525
-123.5610091
-123.7021522
-123.5170851
-123.7174877
-123.7212744
-123.0685212
-123.8223235
-123.084933
-123.164022
-122.7928011
-123.0928946
-122.7811553
-122.80139
-123.1363718
-122.8952844
-123.1340346
-122.803094
-122.8904471
-123.1338046
-122.8461625
-122.8887075
-122.8690816
-123.082506
-123.1337601
-123.0785578
-122.7384905
-122.8875489
-122.863201
-123.1054817
-123.1066045
-122.8902384
-122.9734683
-122.9414598
-122.6783679
-122.6746306
-122.6650567
-122.8043443
-122.6668837
-122.9775479
-122.9115678
-122.8463724
-122.6427747
-122.9902694
-122.845247
-122.5983612
-122.996138
-122.9986239
-123.0518907
-122.8388132
-122.881068
-123.2421823
-123.1343664
-123.0985961
-123.114466
-123.104617
-123.0414526
-123.9666986
-123.0818279
-123.1261827
-122.8792523
-122.4634014
-123.1204928
-123.982462
-122.9781934
-123.0090708
-122.866738
-123.1217235
-123.0180697
-122.8589236
-122.6741742
-123.0671451
-124.0043028
-124.0044827
-122.6609923
-124.0068009
-122.96914
-122.9616836
-123.077376
-123.0404393
-123.0969015
-123.12116
-123.1396642
-123.1361929
-122.349558
-123.09468
-122.6648434
-122.6922989
-122.568626
-122.8185768
-124.0500704
-122.325489
-122.7940817
-122.2717968
-122.3124766
-122.303658
-122.287245
-122.3231867
-123.5264771
-122.3195224
-122.3036402
-124.3240202
-121.9610263
-121.9592417
-121.9538732
-124.8048111
-123.1564753
-124.7861598
-121.7468638
-125.5644939
-124.4985057
-121.4334275
-124.5207194
-124.9810426
-124.9891104
-124.9983294
-123.0379377
-122.9540037
-123.1217235
-123.1204928
-123.1261827
-123.114466
-123.104617
-123.1343664
-123.0985961
-123.0818279
-123.0671451
-123.0969015
-123.12116
-123.077376
-123.09468
-123.1361929
-123.1396642
-123.0414526
-123.0404393
-123.0518907
-123.0180697
-123.1066045
-123.1054817
-123.0090708
-123.2421823
-123.1337601
-123.0785578
-123.082506
-123.1338046
-122.9986239
-122.9781934
-122.996138
-122.96914
-122.9616836
-122.9902694
-123.1340346
-122.9775479
-123.1363718
-122.9734683
-122.9414598
-123.0928946
-122.9115678
-123.164022
-122.8792523
-122.866738
-122.881068
-122.8589236
-122.8902384
-123.084933
-122.8875489
-122.8185768
-122.8887075
-122.845247
-122.8463724
-122.8388132
-122.8904471
-122.863201
-122.7940817
-122.8690816
-122.8952844
-122.8461625
-122.8043443
-123.0685212
-122.803094
-122.6922989
-123.5264771
-122.6648434
-122.7384905
-122.80139
-122.6741742
-122.6609923
-122.7928011
-122.7811553
-122.6783679
-122.6746306
-122.6668837
-122.6650567
-122.6427747
-122.568626
-122.5983612
-123.1564753
-122.4634014
-123.5170851
-123.8223235
-122.3231867
-122.3195224
-122.3036402
-122.349558
-123.9666986
-123.982462
-122.325489
-122.3124766
-124.0043028
-124.0044827
-122.303658
-124.0068009
-122.287245
-124.0500704
-122.2717968
-123.7174877
-123.7212744
-123.7021522
-123.4123525
-123.5610091
-121.9538732
-121.9592417
-121.9610263
-123.4578885
-124.3240202
-123.0379377
-123.3889206
-123.3903049
-123.3879385
-123.3338554
-123.3758628
-123.3692
-123.4419083
-122.9540037
-123.359388
-123.5007366
-123.4993578
-123.3656648
-123.3986545
-123.3641206
-123.5172191
-121.7468638
-123.5855711
-123.70113
-124.4985057
-122.7293589
-124.5207194
-124.7861598
-124.8048111
-121.4334275
-124.9810426
-124.9891104
-124.9983294
-125.2515091
-125.2761994
-121.891768
-125.5644939
-120.5372186
-120.7830362
-127.5089459
-127.0098619
-125.2761994
-125.2515091
-126.7625759
-119.4912885
-119.4584638
-119.4517818
-119.439462
-119.4330309
-119.4094683
-119.592617
-119.6071545
-119.6173658
-119.4104275
-119.3053155
-119.293872
-119.2739648
-119.2818663
-119.5804779
-119.5815646
-119.2715934
-119.1938189
-119.1386397
-119.5459372
-120.5372186
-119.3182741
-119.3313706
-120.7830362
-119.4639254
-119.6924826
-120.3695302
-120.3779981
-120.3608979
-120.355887
-120.3435499
-119.4775298
-119.4448663
-120.8150863
-118.4669854
-117.6583778
-121.4334275
-118.1725248
-117.7204315
-121.2801423
-117.2972241
-121.7468638
-121.891768
-121.9538732
-121.9592417
-121.9610263
-116.0382586
-116.9614124
-115.7662953
-115.7517511
-115.0533794
-117.2972241
-118.1725248
-116.5141388
-117.6583778
-117.7204315
-128.6929605
-128.5928026
-130.2817222
-130.3318506
-127.1461869
-126.6674235
-125.7624938
-122.5752589
-121.6378808
-120.8509902
-120.8420848
-120.2272409
-126.7625759
-127.5089459
-122.9540037
-123.0379377
-122.7293589
-123.1564753
-123.5264771
-123.1361929
-123.1396642
-123.09468
-123.12116
-123.0969015
-123.077376
-123.0404393
-123.0671451
-122.9616836
-122.96914
-123.1217235
-122.8185768
-123.1204928
-122.7940817
-123.1261827
-123.0180697
-123.0818279
-123.0090708
-123.104617
-123.114466
-122.9781934
-123.0414526
-123.1343664
-123.0985961
-123.2421823
-121.891768
-123.0518907
-122.866738
-122.8589236
-122.8792523
-122.9986239
-122.996138
-122.9902694
-122.9775479
-122.6922989
-123.1066045
-123.1054817
-122.881068
-122.6648434
-122.9115678
-122.9734683
-123.1337601
-122.9414598
-123.0785578
-123.082506
-122.8388132
-122.845247
-123.1338046
-122.8463724
-123.1340346
-122.8902384
-122.8043443
-123.1363718
-122.6609923
-122.6741742
-122.8875489
-122.568626
-122.863201
-122.8887075
-122.8690816
-122.8904471
-122.8461625
-123.0928946
-123.164022
-122.8952844
-122.803094
-122.6668837
-122.6746306
-122.6783679
-122.7384905
-122.6650567
-123.084933
-122.6427747
-124.4985057
-124.5207194
-122.5983612
-122.80139
-122.3195224
-122.3231867
-122.3036402
-122.7928011
-122.7811553
-123.0685212
-122.4634014
-124.0500704
-123.9666986
-122.287245
-124.0068009
-123.982462
-124.0044827
-124.0043028
-122.349558
-122.325489
-122.3124766
-122.303658
-121.9538732
-121.9592417
-121.7468638
-122.2717968
-124.3240202
-121.9610263
-121.2801423
-121.4334275
-123.8223235
-123.5170851
-124.9891104
-124.9810426
-124.9983294
-120.7830362
-123.7174877
-123.7212744
-120.8150863
-123.7021522
-124.7861598
-125.2515091
-124.8048111
-125.2761994
-123.4123525
-123.5610091
-123.4578885
-123.3889206
-123.3903049
-123.3879385
-123.3338554
-123.3758628
-123.3692
-123.4419083
-123.5007366
-123.4993578
-123.359388
-120.5372186
-123.3656648
-123.3986545
-123.5172191
-123.3641206
-120.3779981
-120.3695302
-120.3608979
-123.5855711
-120.355887
-120.3435499
-123.70113