-84.2865692
-81.0326792
-80.9452875
-80.3243446
-80.2137319
-75.7479266
-79.1183246
-79.4770714
-79.123701
-123.007034
-75.760243
-79.3231075
-80.4528688
-79.7990877
-81.182916
-78.342949
-54.434023
-53.863604
-54.434023
-54.159751
-54.726196
-55.398961
-56.473614
-95.976788
-79.87503
-79.422363
-80.052612
-60.3292957
-53.593404
-54.208154
-65.474109
-101.28574
-97.174832
-98.107299
-63.656199
-63.50425
-63.600173
-63.857125
-63.491328
-63.572523
-60.188665
-60.364072
-57.183732
-65.824275
-116.964065
-97.036931
-97.933363
-99.926396
-97.204301
-97.077605
-101.287882
-95.907179
-99.963050
-101.250683
-97.553806
-96.680621
-100.374184
-97.936066
-96.652335
-100.575798
-100.023833
-100.81039
-97.196599
-97.929484
-97.205078
-97.065412
-99.970390
-96.997334
-97.311111
-97.309695
-101.352141
-101.097754
-100.239958
-96.875238
-98.272480
-99.462042
-98.098587
-95.844965
-100.031418
-96.84103
-99.463819
-98.748668
-97.365907
-97.198060
-101.044574
-99.839225
-99.559930
-95.932032
-98.839426
-96.685921
-99.972019
-100.678748
-99.840523
-97.934186
-101.85675
-97.040099
-97.995697
-99.68447
-101.875804
-96.693586
-101.25103
-97.166886
-97.604245
-100.047241
-98.00159
-98.023614
-97.212864
-99.894151
-99.962494
-100.05695
-97.219656
-101.061875
-98.345432
-79.254774
-80.724781
-84.319459
-89.237998
-79.481131
-82.387174
-80.72512
-81.264647
-79.5
-79.07
-79.12
-78.88
-78.92
-75.59
-76.57
-77.4
-75.71
-75.71
-81.32
-82.35
-78.8
-80.03
-79.44
-81.32
-80.41
-78.58
-79.43
-79.67
-79.56
-82.7
-75.3
-79.53
-81.92
-77.83
-79.67
-75.3
-76.34
-75.66
-80.94
-74.62
-80.5
-77.56
-75.73
-79.56
-80.5
-75.59
-76.57
-79.67
-80.32
-77.8
-76.12
-79.56
-77.41
-79.69
-81.5
-79.06
-78.88
-79.28
-79.88
-80.58
-81
-76.23
-74.71
-79.7
-75.71
-81.48
-81
-78.35
-81.63
-76.95
-82.7
-79.28
-75.71
-81.01
-79.26
-79.26
-79.56
-79.78
-79.69
-79.79
-79.28
-79.54
-79.88
-76.57
-79.91
-82.17
-79.56
-78.953216
-81
-91.920599
-82.431289
-82.391248
-75.65
-75.53
-80.39
-78.62
-79.69
-79.302094
-79.256368
-79.37
-75.910271
-78.015269
-75.7
-79.574026
-77.926463
-79.306592
-79.600406
-79.45
-81.166023
-86.377558
-94.488696
-77.172081
-81.21
-81.224472
-80.676873
-81.158016
-75.565882
-80.419754
-80.884374
-80.216481
-80.335372
-78.963779
-79.238135
-79.17629
-77.44
-76.51
-79.43
-80.69
-80.39
-75.65
-78.29
-79.7
-81.04
-79.05
-78.87
-78.96
-80.19
-79.12
-79.33
-79.6
-79.6
-79.6
-79.47
-79.24
-79.31
-79.33
-79.72
-76.571934
-84.32
-76.13
-79.41
-78.732165
-78.811063
-77.15
-79.34
-79.52
-79.71
-79.62
-79.39
-80.01
-79.8
-79.73
-79.81
-79.93
-80.8
-80.27
-80.57
-79.94
-80.14
-79.59
-79.84
-89.36
-83
-79.28
-79.76
-78.21
-81.59
-75.32
-78.13
-80.01
-77.13
-76.42
-75.16
-76.93
-77.06
-80.46
-76.69
-78.32
-78.33
-78.12
-74.71
-77.83
-77.82
-78.28
-77.73
-82.64
-79.41
-78.17
-80.93
-83.03
-77.39
-79.55778
-79.74982
-79.415787
-80.72625
-79.41579
-80.92
-79.823713
-80.03
-77.8
-81.32
-79.54
-79.28
-81.63
-79.69
-79.26
-79.885535
-81.536296
-79.957575
-81
-75.308321
-80.9185
-80.234383
-80.763997
-80.72
-74.601844
-78.742566
-81.241992
-78.723378
-78.960511
-79.366571
-79.175289
-76.805702
-81.142776
-80.726246
-78.960539
-81.482588
-79.749816
-83.661203
-79.37
-79.7
-79.67
-79.890482
-74.92399
-81.686436
-77.177312
-81.746123
-74.750473
-77.176411
-79.680698
-79.56
-79.557783
-80.018837
-79.290437
-80.41
-78.93
-80.939086
-81.7
-79.06
-86.53
-79.68
-74.89
-78.88
-82.4
-81.88
-75.3
-78.27
-79.2
-79.28
-79.28
-82.62
-79.77
-81.17
-79.23
-79.07
-79.13
-79.69
-79.77
-78.27
-77.58
-78.76
-82.38
-81.36
-81.63
-80.3
-75.93
-79.68
-79.28
-81.38
-74.71
-80.32
-80.56
-79.76
-81.6
-79.28
-79.28
-79.54
-79.43
-79.28
-80.94
-79.76
-79.81
-79.77
-79.5
-79.72
-79.69
-55.216964
-66.754082
-65.8955
-122.814454
-127.146591
-123.092895
-66.86054
-66.754082
-122.83471
-108.494187
-123.094223
-123.068639
-56.833568
-65.505906
-126.666885
-122.859085
-106.762584
-67.502630
-104.645634
-108.034924
-122.961684
-52.749927
-121.001651
-119.301399
-66.200676
-125.761058
-126.753935
-121.341591
-67.711891
-122.678368
-123.133759
-122.8603931
-117.719788
-125.56469
-119.451355
-123.08493
-115.053963
-125.049911
-123.154671
-123.759254
-119.592628
-122.293481
-64.216873
-63.93364
-63.453968
-63.143452
-62.431484
-62.580315
-119.13864
-55.66946
-55.219201
-52.860734
-129.991345
-132.062886
-127.496667
-124.80636
-120.510002
-121.009865
-126.050003
-122.660858
-118.68
-122.699997
-126.59156
-123.739998
-127.236107
-117.357216
-127.169998
-119.815521
-123.110001
-119.470001
-119.68
-119.724068
-124.807472
-119.545937
-123.044144
-119.599091
-122.48925
-122.810753
-123.150497
-119.259445
-123.032684
-122.143105
-122.807983
-123.519997
-121.959999
-119.444862
-122.889999
-120.875259
-123.920387
-123.047157
-119.460152
-123.502686
-121.960068
-122.867622
-122.951843
-122.335064
-122.801964
-122.760841
-121.437599
-120.323253
-122.845604
-123.072945
-124.021011
-122.632675
-122.769714
-115.755524
-118.172546
-121.194992
-123.144852
-120.089859
-116.028641
-124.520706
-126.928459
-127.085381
-130.317734
-130.317734
-123.592598
-122.348755
-122.271797
-122.271327
-122.978195
-122.734969
-124.004486
-130.270004
-123.078568
-123.082779
-122.954002
-119.260002
-123.160004
-122.567802
-123.382721
-123.0989
-123.040436
-123.0201507
-123.32
-119.56395
-119.459999
-124.18811
-122.803261
-124.32
-123.779999
-123.290001
-122.77256
-123.066727
-124.442009
-121.279999
-122.449997
-117.694285
-124.089996
-120.769997
-120.379997
-122.319522
-122.300003
-124
-122.760002
-124.010002
-117.295952
-115.980003
-122.910004
-122.846161
-123.099998
-128.550003
-122.660004
-122.980003
-121.931763
-120.875099
-120.331207
-122.866737
-120.11515
-120.907516
-122.950157
-121.581016
-127.014656
-123.279297
-119.290001
-116.029999
-123.094223
-125.269997
-123.720001
-123.410004
-132.110001
-119.580002
-123.099998
-123.82
-116.910004
-118.959999
-123.010002
-128.690002
-126.529541
-122.800003
-124.199997
-120.849998
-123.832268
-123.343323
-123.519997
-123.104553
-121.32
-118.449997
-123.980003
-123.449997
-127.589996
-120.213463
-128.145554
-120.788353
-116.519997
-124.93
-122.818581
-122.860497
-124.913857
-124.990028
-115.760002
-120.230003
-123.047028
-122.945102
-123.370003
-123.595192
-122.880089
-122.995392
-125.760002
-119.580002
-125.348984
-122.726822
-123.10833
-122.220001
-119.269997
-121.639999
-121.951467
-120.082474
-121.599197
-121.747055
-122.46167
-123.519997
-124.82
-119.190002
-124.5
-118.172554
-120.157532
-119.099998
-126.75
-122.790001
-119.32
-107.810753
-104.045067
-108.958359
-109.155769
-103.80439
-105.738876
-106.653976
-105.46875
-104.523361
-103.834351
-108.702217
-104.185699
-102.470284
-123.701424
-122.300003
-101.697716
-104.619621
-104.577522
-104.610832
-104.670471
-104.536766
-107.983566
-106.421303
-106.664871
-106.656639
-106.589195
-106.707222
-108.406914
-107.51722
-104.953506
-109.473976
-106.658478
-108.419876
-104.626877
-102.789795
-105.535957
-101.676643
-104.495087
-103.995796
-108.286827
-107.05352
-107.489426
-103.254234
-102.658829
-105.753273
-105.739456
-102.997871
-108.753052
-103.78492
-106.550697
-102.927063
-108.486053
-102.391113
-105.113876
-103.668327
-103.495979
-101.89135
-109.152534
-102.632446
-105.284615
-101.695419
-105.031708
-101.666138
-104.013794
-105.730438
-104.533791
-106.617058
-105.989952
-107.993973
-106.881187
-102.582436
-102.430893
-106.502296
-105.524216
-105.731544
-106.00367
-102.079254
-103.534203
-103.788597
-105.123055
-105.299065
-109.161316
-109.935867
-65.165283
-64.527672
-65.754707
-64.808121
-64.139626
-63.572178
-63.678665
-60.86694
-61.342728
-63.268143
-63.620499
-63.290932
-62.950085
-63.736553
-63.409756
-60.155361
-60.185425
-66.063934
-60.178349
-64.399933
-64.543854
-65.608292
-66.10968
-65.311974
-60.775459
-64.245605
-61.540928
-64.507112
-65.330887
-64.474068
-60.089127
-60.243382
-64.209641
-64.278764
-66.116966
-63.434353
-64.720657
-63.271915
-63.670963
-62.706966
-63.49712
-63.515572
-63.627323
-60.23941
-64.4254
-64.058571
-61.907902
-60.998501
-63.487087
-63.734455
-63.848694
-62.706425
-63.584782
-63.555782
-63.514481
-63.685436
-61.63707
-61.610621
-63.970837
-59.956322
-60.231226
-63.655941
-63.253918
-64.921547
-65.312042
-61.305672
-61.027462
-63.685139
-63.707718
-59.972366
-63.596455
-63.550034
-61.014816
-63.597141
-64.715866
-64.040855
-66.141785
-64.356819
-64.123405
-65.757553
-64.32589
-62.61414
-64.446449
-64.319466
-61.530022
-64.781982
-63.458302
-63.614859
-61.960907
-64.83799
-62.6609
-63.52887
-52.763149
-55.386028
-58.593182
-54.760841
-54.760151
-66.88501
-55.154968
-52.803928
-52.837154
-52.831917
-55.891469
-53.962219
-53.963306
-59.16407
-59.770496
-53.516869
-56.08276
-55.589451
-52.719772
-52.686024
-52.723503
-54.28196
-55.804489
-54.237926
-54.605141
-54.585808
-54.006912
-52.768192
-55.761166
-55.654343
-55.661179
-60.331253
-60.331772
-66.907356
-57.063499
-55.059582
-59.171814
-67.002037
-64.357178
-56.194225
-53.274811
-53.28371
-55.891469
-55.34573
-57.6189
-53.232059
-57.01849
-53.967216
-52.957344
-53.020355
-57.91539
-57.412724
-68.329353
-67.396477
-67.352196

-64.511627
-67.170372
-67.589005
-66.720741
-64.290932
-66.628357
-64.915977
-67.574478
-64.724754
-64.811607
-64.76545
-65.945709
-65.072823
-68.358459
-67.273361
-64.651978
-67.408653
-66.738278
-65.598519
-65.078033
-65.596939
-65.519844
-66.039124
-65.774971
-65.7295
-64.874115
-66.49913
-68.703331
-65.443626
-64.92997
-65.689606
-67.391533
-64.685844
-68.111465
-65.886093
-68.054245
-64.550751
-66.629509
-66.205688
-67.736122
-66.112007
-64.791679
-65.456673
-64.639748
-64.981895
-66.127029
-66.784561
-67.348885
-97.009411
-99.970306
-123.936691
-122.792778